source,target
0,46
0,52
0,65
0,67
0,75
0,77
0,182
0,185
0,231
0,235
0,240
0,252
0,257
0,299
0,339
0,350
0,354
0,396
0,412
0,416
0,428
0,439
0,440
0,442
0,467
0,469
0,470
0,579
0,605
0,620
0,669
0,673
0,711
0,712
0,718
0,756
0,786
0,791
0,817
0,834
0,845
0,866
0,879
0,888
0,926
0,927
0,983
1,15
1,18
1,46
1,54
1,58
1,85
1,86
1,92
1,94
1,150
1,167
1,169
1,192
1,197
1,208
1,212
1,218
1,240
1,246
1,254
1,262
1,278
1,292
1,302
1,306
1,311
1,312
1,325
1,350
1,361
1,383
1,394
1,396
1,403
1,412
1,413
1,470
1,476
1,488
1,543
1,561
1,571
1,588
1,594
1,612
1,624
1,645
1,647
1,661
1,707
1,709
1,730
1,735
1,759
1,773
1,791
1,824
1,838
1,859
1,867
1,886
1,932
1,983
1,985
1,994
1,995
2,3
2,6
2,11
2,53
2,66
2,80
2,86
2,109
2,158
2,159
2,160
2,161
2,165
2,216
2,218
2,220
2,225
2,239
2,284
2,316
2,365
2,369
2,417
2,494
2,545
2,551
2,581
2,586
2,600
2,642
2,647
2,649
2,653
2,654
2,662
2,677
2,678
2,733
2,776
2,835
2,881
2,886
2,894
2,970
2,975
2,994
3,11
3,34
3,35
3,59
3,80
3,108
3,160
3,174
3,217
3,224
3,245
3,263
3,299
3,300
3,385
3,450
3,453
3,485
3,557
3,563
3,567
3,598
3,675
3,726
3,731
3,775
3,784
3,809
3,876
3,906
3,915
3,918
3,927
3,930
3,962
3,964
3,970
3,975
4,12
4,24
4,38
4,62
4,111
4,118
4,135
4,168
4,181
4,183
4,234
4,304
4,310
4,311
4,321
4,345
4,349
4,381
4,395
4,398
4,406
4,417
4,437
4,450
4,523
4,528
4,546
4,566
4,574
4,603
4,616
4,617
4,678
4,684
4,723
4,734
4,743
4,792
4,795
4,799
4,821
4,823
4,836
4,841
4,862
4,865
4,871
4,872
4,886
4,939
4,985
4,999
5,33
5,86
5,98
5,142
5,179
5,191
5,206
5,232
5,237
5,259
5,270
5,292
5,317
5,318
5,374
5,394
5,473
5,499
5,546
5,554
5,580
5,589
5,611
5,632
5,646
5,664
5,705
5,734
5,774
5,787
5,837
5,842
5,858
5,883
5,902
5,936
5,947
5,951
5,962
5,965
5,989
6,11
6,23
6,30
6,50
6,89
6,158
6,242
6,244
6,298
6,316
6,324
6,433
6,438
6,465
6,580
6,582
6,647
6,649
6,654
6,662
6,805
6,808
6,809
6,849
6,950
7,80
7,101
7,125
7,165
7,208
7,265
7,276
7,277
7,327
7,341
7,392
7,398
7,435
7,456
7,457
7,508
7,520
7,526
7,536
7,542
7,628
7,677
7,688
7,694
7,708
7,720
7,722
7,764
7,790
7,809
7,879
7,954
8,43
8,65
8,67
8,78
8,85
8,123
8,183
8,193
8,212
8,227
8,235
8,252
8,287
8,301
8,306
8,325
8,337
8,354
8,355
8,366
8,415
8,436
8,442
8,488
8,530
8,548
8,552
8,571
8,579
8,605
8,608
8,622
8,661
8,667
8,673
8,738
8,740
8,759
8,822
8,823
8,843
8,848
8,905
8,911
8,979
8,983
8,992
9,63
9,73
9,140
9,162
9,163
9,165
9,174
9,190
9,214
9,244
9,268
9,285
9,296
9,380
9,401
9,452
9,508
9,555
9,567
9,587
9,592
9,623
9,641
9,668
9,680
9,681
9,748
9,765
9,781
9,806
9,810
9,851
9,870
9,881
9,958
9,984
10,20
10,72
10,84
10,100
10,145
10,163
10,220
10,239
10,314
10,334
10,349
10,351
10,371
10,380
10,423
10,435
10,447
10,456
10,473
10,524
10,531
10,554
10,566
10,606
10,607
10,628
10,637
10,657
10,678
10,724
10,773
10,809
10,854
10,928
10,944
10,966
11,12
11,18
11,23
11,38
11,39
11,42
11,64
11,86
11,119
11,159
11,178
11,199
11,231
11,242
11,243
11,249
11,264
11,276
11,277
11,284
11,316
11,342
11,351
11,385
11,387
11,401
11,444
11,459
11,468
11,485
11,498
11,516
11,580
11,581
11,586
11,591
11,594
11,642
11,647
11,648
11,649
11,653
11,662
11,677
11,694
11,698
11,707
11,722
11,733
11,749
11,753
11,805
11,809
11,824
11,825
11,849
11,864
11,927
11,950
12,32
12,33
12,36
12,55
12,82
12,104
12,123
12,128
12,130
12,135
12,144
12,149
12,173
12,240
12,256
12,331
12,352
12,365
12,377
12,383
12,388
12,393
12,395
12,405
12,435
12,528
12,534
12,546
12,589
12,593
12,609
12,619
12,637
12,646
12,664
12,668
12,693
12,705
12,708
12,713
12,714
12,743
12,745
12,782
12,788
12,799
12,836
12,848
12,914
13,47
13,56
13,66
13,80
13,86
13,105
13,148
13,193
13,198
13,222
13,226
13,245
13,248
13,251
13,296
13,303
13,308
13,312
13,348
13,397
13,403
13,448
13,452
13,461
13,478
13,491
13,498
13,506
13,541
13,553
13,569
13,594
13,605
13,625
13,627
13,643
13,647
13,652
13,661
13,685
13,687
13,727
13,735
13,750
13,796
13,832
13,864
13,869
13,879
13,882
13,945
13,960
13,962
14,24
14,28
14,142
14,155
14,178
14,200
14,254
14,319
14,434
14,443
14,449
14,589
14,930
14,999
15,26
15,29
15,39
15,48
15,94
15,99
15,100
15,109
15,116
15,125
15,126
15,135
15,143
15,168
15,173
15,186
15,196
15,209
15,226
15,234
15,239
15,240
15,241
15,246
15,248
15,260
15,276
15,281
15,294
15,304
15,327
15,368
15,375
15,392
15,398
15,408
15,410
15,424
15,442
15,487
15,515
15,519
15,536
15,581
15,584
15,589
15,613
15,632
15,641
15,668
15,684
15,687
15,692
15,715
15,731
15,748
15,768
15,769
15,771
15,773
15,780
15,781
15,795
15,800
15,806
15,811
15,816
15,838
15,863
15,872
15,880
15,890
15,899
15,900
15,902
15,907
15,924
15,926
15,958
15,977
15,980
16,46
16,54
16,56
16,80
16,86
16,93
16,100
16,181
16,183
16,239
16,251
16,260
16,304
16,306
16,349
16,372
16,383
16,481
16,490
16,506
16,543
16,571
16,584
16,639
16,641
16,651
16,687
16,691
16,693
16,705
16,828
16,868
16,892
16,895
16,902
17,37
17,39
17,97
17,105
17,159
17,171
17,208
17,250
17,309
17,336
17,345
17,385
17,495
17,510
17,523
17,539
17,541
17,579
17,625
17,638
17,643
17,645
17,675
17,685
17,727
17,833
17,876
17,878
17,885
17,891
17,906
17,920
17,930
17,955
17,996
18,56
18,60
18,61
18,66
18,89
18,93
18,108
18,157
18,176
18,207
18,208
18,303
18,308
18,312
18,326
18,337
18,350
18,379
18,433
18,470
18,478
18,483
18,497
18,535
18,538
18,560
18,604
18,605
18,666
18,669
18,678
18,685
18,707
18,711
18,759
18,763
18,784
18,786
18,806
18,817
18,845
18,860
18,868
18,879
18,884
18,896
18,903
18,916
18,931
18,996
19,20
19,44
19,69
19,79
19,83
19,99
19,104
19,106
19,142
19,149
19,173
19,188
19,230
19,237
19,253
19,256
19,293
19,304
19,316
19,331
19,347
19,352
19,357
19,373
19,382
19,384
19,388
19,445
19,460
19,476
19,520
19,524
19,528
19,562
19,566
19,572
19,574
19,663
19,683
19,711
19,753
19,754
19,757
19,782
19,787
19,792
19,795
19,817
19,820
19,821
19,822
19,827
19,836
19,843
19,852
19,890
19,902
19,905
19,937
19,939
19,980
19,987
19,991
19,996
20,24
20,29
20,76
20,114
20,117
20,134
20,149
20,173
20,191
20,232
20,233
20,254
20,266
20,292
20,328
20,335
20,383
20,391
20,394
20,473
20,513
20,559
20,561
20,564
20,632
20,664
20,713
20,734
20,752
20,756
20,769
20,779
20,782
20,820
20,842
20,919
20,942
20,951
20,965
20,978
20,989
21,23
21,30
21,42
21,50
21,64
21,125
21,157
21,158
21,159
21,175
21,180
21,214
21,242
21,243
21,249
21,263
21,265
21,307
21,329
21,342
21,360
21,370
21,376
21,387
21,392
21,429
21,459
21,479
21,483
21,498
21,514
21,551
21,555
21,565
21,586
21,591
21,600
21,604
21,637
21,642
21,644
21,653
21,662
21,677
21,684
21,694
21,754
21,776
21,777
21,789
21,809
21,835
21,847
21,894
21,906
21,917
21,923
21,935
21,937
21,944
21,965
21,967
22,27
22,45
22,56
22,93
22,155
22,182
22,208
22,269
22,289
22,318
22,419
22,465
22,494
22,504
22,530
22,543
22,545
22,631
22,661
22,674
22,693
22,695
22,732
22,739
22,750
22,759
22,859
22,931
22,963
23,26
23,50
23,120
23,126
23,140
23,148
23,158
23,159
23,180
23,182
23,214
23,216
23,242
23,249
23,267
23,276
23,329
23,403
23,457
23,517
23,529
23,551
23,581
23,606
23,642
23,648
23,649
23,652
23,655
23,662
23,671
23,677
23,698
23,722
23,749
23,777
23,778
23,849
23,881
23,894
23,907
23,918
23,935
23,950
23,974
24,29
24,36
24,76
24,117
24,133
24,134
24,164
24,210
24,232
24,254
24,259
24,338
24,352
24,388
24,498
24,513
24,577
24,608
24,634
24,664
24,729
24,815
24,844
24,872
24,900
24,919
25,36
25,46
25,63
25,68
25,70
25,101
25,105
25,119
25,144
25,162
25,177
25,180
25,196
25,197
25,220
25,239
25,264
25,265
25,276
25,296
25,307
25,335
25,360
25,365
25,387
25,392
25,401
25,427
25,433
25,438
25,444
25,456
25,472
25,477
25,492
25,507
25,517
25,555
25,573
25,585
25,600
25,606
25,652
25,659
25,668
25,670
25,683
25,692
25,704
25,722
25,739
25,748
25,751
25,753
25,768
25,777
25,781
25,783
25,807
25,809
25,810
25,849
25,850
25,851
25,869
25,870
25,902
25,907
25,937
25,958
25,966
25,975
26,39
26,41
26,63
26,70
26,88
26,101
26,110
26,126
26,129
26,132
26,133
26,138
26,150
26,163
26,177
26,194
26,196
26,199
26,213
26,273
26,318
26,322
26,363
26,422
26,424
26,443
26,454
26,483
26,492
26,508
26,548
26,551
26,584
26,586
26,607
26,628
26,670
26,681
26,682
26,720
26,735
26,739
26,775
26,792
26,824
26,829
26,865
26,868
26,898
26,909
26,923
26,976
26,977
26,997
27,51
27,73
27,75
27,80
27,85
27,86
27,93
27,97
27,127
27,150
27,154
27,158
27,171
27,192
27,206
27,247
27,248
27,280
27,290
27,340
27,348
27,396
27,483
27,527
27,537
27,581
27,582
27,594
27,598
27,599
27,632
27,643
27,645
27,661
27,693
27,695
27,715
27,750
27,758
27,784
27,803
27,810
27,838
27,867
27,877
27,879
27,883
27,890
27,934
27,945
27,962
27,984
27,994
28,31
28,33
28,51
28,68
28,99
28,114
28,116
28,135
28,151
28,153
28,186
28,187
28,216
28,239
28,254
28,261
28,266
28,310
28,327
28,338
28,340
28,359
28,375
28,386
28,404
28,453
28,480
28,489
28,522
28,529
28,533
28,554
28,561
28,573
28,583
28,592
28,614
28,631
28,641
28,645
28,673
28,683
28,690
28,697
28,713
28,737
28,748
28,761
28,768
28,782
28,807
28,838
28,848
28,852
28,900
28,908
28,941
28,946
28,959
28,968
29,117
29,134
29,142
29,170
29,196
29,210
29,232
29,254
29,391
29,466
29,506
29,513
29,577
29,589
29,611
29,644
29,664
29,666
29,679
29,693
29,779
29,848
29,919
29,936
29,947
30,34
30,35
30,73
30,81
30,85
30,100
30,144
30,158
30,162
30,190
30,196
30,202
30,220
30,244
30,264
30,278
30,301
30,320
30,327
30,349
30,376
30,385
30,412
30,439
30,461
30,467
30,472
30,492
30,495
30,517
30,532
30,539
30,563
30,573
30,590
30,606
30,623
30,627
30,649
30,652
30,671
30,679
30,680
30,692
30,700
30,704
30,732
30,741
30,753
30,763
30,805
30,810
30,833
30,847
30,870
30,876
30,881
30,886
30,908
30,923
30,927
30,958
30,961
30,963
30,964
30,967
30,976
30,994
30,997
30,998
31,58
31,78
31,87
31,127
31,215
31,227
31,228
31,253
31,288
31,296
31,304
31,315
31,325
31,334
31,354
31,356
31,377
31,415
31,436
31,451
31,486
31,488
31,504
31,579
31,580
31,618
31,620
31,622
31,631
31,653
31,667
31,717
31,762
31,798
31,814
31,875
31,956
31,979
31,996
32,36
32,58
32,79
32,90
32,98
32,117
32,119
32,206
32,228
32,230
32,232
32,321
32,338
32,352
32,395
32,418
32,451
32,464
32,519
32,531
32,611
32,690
32,743
32,782
32,799
32,815
32,846
32,848
32,860
32,873
32,914
32,942
33,63
33,74
33,110
33,132
33,133
33,157
33,163
33,194
33,199
33,213
33,279
33,290
33,294
33,360
33,429
33,459
33,468
33,472
33,474
33,487
33,531
33,551
33,576
33,586
33,595
33,617
33,650
33,684
33,702
33,775
33,824
33,876
33,894
33,920
33,923
33,935
33,977
34,84
34,86
34,132
34,133
34,140
34,157
34,167
34,180
34,199
34,205
34,245
34,255
34,264
34,269
34,290
34,307
34,310
34,399
34,401
34,427
34,474
34,497
34,500
34,507
34,515
34,531
34,555
34,581
34,584
34,601
34,606
34,623
34,628
34,653
34,663
34,748
34,751
34,753
34,760
34,768
34,778
34,783
34,809
34,810
34,846
34,851
34,853
34,884
34,886
34,917
34,958
34,961
35,50
35,144
35,160
35,165
35,211
35,216
35,223
35,263
35,274
35,314
35,320
35,348
35,369
35,394
35,399
35,410
35,467
35,479
35,484
35,510
35,515
35,521
35,541
35,587
35,643
35,648
35,652
35,655
35,736
35,835
35,850
35,906
35,915
35,932
35,958
35,961
35,972
35,975
36,98
36,104
36,128
36,173
36,206
36,232
36,237
36,250
36,255
36,270
36,297
36,321
36,333
36,352
36,395
36,405
36,443
36,450
36,451
36,469
36,490
36,519
36,528
36,546
36,614
36,619
36,651
36,667
36,714
36,743
36,745
36,752
36,757
36,775
36,844
36,846
36,871
36,914
36,940
36,965
36,980
36,987
37,51
37,105
37,174
37,223
37,250
37,286
37,309
37,317
37,358
37,362
37,372
37,376
37,385
37,492
37,505
37,510
37,539
37,550
37,560
37,567
37,579
37,590
37,610
37,630
37,655
37,675
37,701
37,727
37,768
37,778
37,806
37,833
37,835
37,863
37,867
37,878
37,880
37,885
37,891
37,910
37,982
37,986
38,81
38,99
38,119
38,142
38,143
38,172
38,177
38,182
38,185
38,193
38,251
38,260
38,307
38,327
38,338
38,392
38,398
38,437
38,461
38,481
38,525
38,537
38,543
38,559
38,586
38,587
38,640
38,655
38,660
38,683
38,716
38,748
38,751
38,775
38,805
38,808
38,812
38,828
38,851
38,890
38,893
38,909
38,976
38,993
39,44
39,60
39,76
39,100
39,116
39,142
39,187
39,191
39,218
39,220
39,239
39,254
39,260
39,266
39,283
39,292
39,295
39,319
39,331
39,338
39,351
39,367
39,447
39,456
39,531
39,533
39,554
39,578
39,589
39,634
39,658
39,661
39,678
39,681
39,697
39,713
39,732
39,761
39,824
39,833
39,839
39,857
39,873
39,875
39,940
39,978
39,990
40,51
40,56
40,58
40,96
40,105
40,148
40,189
40,193
40,214
40,250
40,265
40,286
40,303
40,322
40,336
40,353
40,370
40,376
40,379
40,385
40,413
40,420
40,448
40,453
40,482
40,486
40,487
40,494
40,505
40,510
40,514
40,537
40,541
40,559
40,580
40,590
40,602
40,659
40,662
40,669
40,672
40,675
40,682
40,685
40,686
40,701
40,707
40,726
40,731
40,749
40,772
40,806
40,809
40,833
40,837
40,863
40,882
40,885
40,895
40,903
40,910
40,943
40,952
40,974
40,982
40,986
40,988
40,990
41,50
41,60
41,96
41,108
41,122
41,148
41,161
41,188
41,202
41,209
41,222
41,257
41,263
41,298
41,303
41,365
41,432
41,538
41,618
41,630
41,635
41,699
41,744
41,756
41,784
41,796
41,808
41,832
41,863
41,874
41,891
42,48
42,59
42,100
42,133
42,149
42,156
42,159
42,167
42,180
42,182
42,243
42,250
42,263
42,276
42,308
42,329
42,335
42,345
42,365
42,379
42,387
42,427
42,444
42,497
42,498
42,507
42,555
42,560
42,563
42,573
42,586
42,591
42,600
42,606
42,657
42,662
42,677
42,684
42,692
42,713
42,722
42,739
42,765
42,769
42,771
42,776
42,791
42,809
42,829
42,835
42,868
42,885
42,886
42,906
42,917
42,935
42,944
42,958
42,972
43,56
43,67
43,78
43,94
43,123
43,131
43,157
43,169
43,176
43,178
43,201
43,231
43,235
43,287
43,297
43,305
43,337
43,344
43,382
43,406
43,413
43,414
43,430
43,439
43,461
43,469
43,470
43,478
43,497
43,538
43,559
43,597
43,602
43,615
43,619
43,627
43,629
43,650
43,652
43,674
43,685
43,707
43,709
43,717
43,750
43,786
43,788
43,817
43,845
43,858
43,860
43,877
43,901
43,908
43,925
43,983
43,990
43,996
44,68
44,84
44,92
44,98
44,104
44,123
44,124
44,128
44,149
44,173
44,188
44,203
44,212
44,213
44,226
44,233
44,237
44,238
44,246
44,253
44,293
44,330
44,331
44,333
44,347
44,352
44,367
44,377
44,378
44,383
44,387
44,390
44,391
44,408
44,413
44,450
44,503
44,506
44,524
44,528
44,571
44,572
44,574
44,583
44,594
44,613
44,618
44,619
44,627
44,641
44,658
44,673
44,730
44,734
44,735
44,752
44,754
44,756
44,757
44,783
44,787
44,799
44,821
44,828
44,872
44,873
44,875
44,890
44,929
44,938
44,948
44,966
44,967
44,980
44,999
45,50
45,96
45,123
45,148
45,158
45,167
45,225
45,249
45,337
45,353
45,388
45,409
45,495
45,557
45,563
45,567
45,601
45,627
45,643
45,655
45,698
45,759
45,818
45,832
45,840
45,863
45,877
45,903
45,915
45,937
46,57
46,65
46,72
46,74
46,94
46,112
46,136
46,138
46,143
46,166
46,171
46,178
46,183
46,197
46,215
46,226
46,251
46,262
46,304
46,305
46,331
46,347
46,357
46,372
46,378
46,410
46,426
46,440
46,451
46,472
46,476
46,481
46,497
46,507
46,524
46,574
46,589
46,633
46,674
46,709
46,711
46,720
46,751
46,754
46,811
46,821
46,828
46,838
46,852
46,860
46,872
46,874
46,886
46,901
46,902
46,905
46,911
46,916
46,967
46,980
46,992
46,995
47,208
47,326
47,344
47,445
47,483
47,498
47,540
47,545
47,622
47,624
47,626
47,673
47,674
47,689
47,693
47,696
47,710
47,712
47,759
47,767
47,793
47,872
47,888
47,930
47,960
48,64
48,89
48,93
48,118
48,119
48,150
48,162
48,180
48,216
48,260
48,271
48,307
48,327
48,335
48,339
48,352
48,374
48,379
48,380
48,408
48,424
48,435
48,471
48,506
48,576
48,587
48,613
48,637
48,648
48,652
48,658
48,673
48,681
48,684
48,686
48,699
48,706
48,720
48,727
48,751
48,760
48,775
48,781
48,786
48,800
48,801
48,829
48,851
48,890
48,907
48,909
48,920
48,924
48,946
48,995
48,998
49,83
49,91
49,121
49,176
49,201
49,239
49,297
49,350
49,382
49,416
49,428
49,439
49,476
49,532
49,544
49,581
49,588
49,629
49,651
49,719
49,732
49,746
49,759
49,793
49,813
49,875
49,903
49,911
50,64
50,100
50,137
50,140
50,155
50,157
50,158
50,159
50,160
50,171
50,176
50,182
50,198
50,211
50,214
50,230
50,243
50,244
50,247
50,274
50,300
50,353
50,365
50,370
50,424
50,427
50,453
50,477
50,495
50,514
50,532
50,580
50,590
50,591
50,606
50,613
50,655
50,686
50,728
50,733
50,753
50,760
50,763
50,771
50,787
50,790
50,805
50,807
50,809
50,835
50,847
50,849
50,894
50,917
50,932
50,960
50,975
50,994
50,997
50,999
51,56
51,83
51,85
51,88
51,122
51,127
51,170
51,193
51,202
51,209
51,222
51,223
51,268
51,269
51,303
51,336
51,350
51,364
51,379
51,385
51,400
51,477
51,494
51,504
51,505
51,506
51,598
51,601
51,604
51,635
51,669
51,695
51,703
51,725
51,726
51,750
51,758
51,784
51,796
51,803
51,806
51,833
51,882
51,903
51,927
51,937
51,955
51,969
51,973
51,974
51,981
51,988
52,173
52,222
52,233
52,235
52,252
52,334
52,354
52,355
52,357
52,408
52,436
52,446
52,475
52,503
52,511
52,512
52,552
52,614
52,667
52,714
52,823
52,902
52,983
52,992
52,999
53,81
53,89
53,109
53,137
53,144
53,146
53,153
53,158
53,159
53,160
53,165
53,174
53,192
53,216
53,233
53,247
53,249
53,278
53,279
53,316
53,327
53,358
53,372
53,374
53,432
53,434
53,455
53,468
53,472
53,498
53,551
53,561
53,567
53,584
53,591
53,610
53,647
53,649
53,652
53,654
53,662
53,668
53,692
53,733
53,736
53,773
53,804
53,805
53,849
53,852
53,870
53,879
53,915
53,917
53,927
53,932
53,950
53,954
53,970
54,57
54,59
54,75
54,77
54,82
54,105
54,112
54,178
54,182
54,186
54,225
54,239
54,284
54,286
54,301
54,304
54,331
54,348
54,372
54,445
54,464
54,476
54,481
54,482
54,506
54,543
54,562
54,571
54,626
54,661
54,669
54,681
54,708
54,735
54,750
54,786
54,804
54,828
54,860
54,867
54,868
54,872
54,888
54,893
54,902
54,908
54,957
54,995
55,58
55,381
55,393
55,394
55,395
55,587
55,619
55,658
55,690
55,734
55,743
55,745
55,769
55,799
55,831
55,848
55,890
56,60
56,104
56,105
56,127
56,135
56,146
56,148
56,187
56,189
56,198
56,223
56,235
56,283
56,286
56,301
56,304
56,312
56,362
56,364
56,375
56,396
56,448
56,483
56,484
56,494
56,497
56,514
56,521
56,526
56,537
56,550
56,585
56,590
56,593
56,607
56,627
56,630
56,652
56,669
56,707
56,717
56,772
56,776
56,779
56,784
56,796
56,806
56,882
56,895
56,934
56,969
56,970
56,988
57,150
57,212
57,219
57,347
57,372
57,426
57,480
57,523
57,528
57,537
57,558
57,566
57,583
57,626
57,648
57,737
57,742
57,757
57,787
57,801
57,828
57,874
58,65
58,79
58,104
58,126
58,128
58,130
58,135
58,149
58,170
58,206
58,210
58,221
58,230
58,270
58,295
58,317
58,331
58,334
58,352
58,383
58,388
58,393
58,406
58,407
58,418
58,449
58,466
58,473
58,475
58,480
58,499
58,574
58,604
58,613
58,614
58,619
58,632
58,636
58,646
58,666
58,694
58,705
58,743
58,779
58,782
58,785
58,799
58,815
58,820
58,821
58,836
58,844
58,848
58,852
58,854
58,858
58,873
58,914
58,944
58,951
58,978
58,980
59,123
59,137
59,144
59,150
59,178
59,179
59,182
59,204
59,211
59,216
59,245
59,246
59,263
59,278
59,300
59,306
59,307
59,353
59,401
59,404
59,465
59,469
59,472
59,479
59,508
59,521
59,541
59,599
59,608
59,643
59,652
59,654
59,674
59,680
59,731
59,740
59,749
59,762
59,777
59,825
59,847
59,850
59,856
59,862
59,863
59,882
59,911
59,915
59,918
59,920
59,937
59,949
59,963
59,964
59,975
60,88
60,127
60,148
60,161
60,170
60,176
60,183
60,209
60,222
60,267
60,320
60,336
60,348
60,353
60,399
60,400
60,415
60,416
60,420
60,448
60,451
60,510
60,517
60,521
60,549
60,553
60,627
60,657
60,698
60,721
60,756
60,759
60,778
60,784
60,796
60,806
60,827
60,879
60,903
60,918
60,969
60,990
60,994
61,92
61,150
61,169
61,235
61,246
61,257
61,273
61,320
61,336
61,361
61,383
61,413
61,464
61,624
61,681
61,689
61,730
61,770
61,806
61,859
61,867
61,921
61,973
61,996
62,99
62,135
62,183
62,191
62,218
62,221
62,260
62,310
62,332
62,338
62,343
62,347
62,349
62,386
62,390
62,396
62,406
62,417
62,450
62,480
62,506
62,517
62,558
62,562
62,575
62,622
62,792
62,796
62,800
62,807
62,821
62,828
62,842
62,871
62,888
63,110
63,126
63,133
63,141
63,155
63,194
63,213
63,220
63,341
63,360
63,429
63,440
63,454
63,457
63,487
63,518
63,576
63,586
63,606
63,607
63,617
63,643
63,657
63,684
63,694
63,751
63,775
63,789
63,824
63,828
63,869
63,891
63,909
63,913
63,923
63,933
63,966
63,977
64,66
64,85
64,86
64,100
64,125
64,140
64,152
64,156
64,158
64,159
64,160
64,167
64,180
64,182
64,203
64,211
64,220
64,242
64,243
64,249
64,273
64,274
64,276
64,284
64,347
64,370
64,412
64,444
64,461
64,474
64,477
64,507
64,529
64,551
64,563
64,580
64,581
64,585
64,591
64,599
64,606
64,642
64,647
64,649
64,654
64,659
64,660
64,662
64,726
64,753
64,758
64,789
64,809
64,824
64,835
64,847
64,849
64,850
64,851
64,876
64,894
64,913
64,917
64,958
64,975
65,67
65,77
65,92
65,94
65,119
65,176
65,193
65,235
65,288
65,291
65,305
65,306
65,323
65,334
65,373
65,402
65,407
65,410
65,416
65,428
65,442
65,446
65,473
65,476
65,478
65,502
65,512
65,527
65,552
65,559
65,562
65,582
65,605
65,615
65,624
65,630
65,666
65,685
65,706
65,711
65,712
65,714
65,738
65,740
65,756
65,788
65,789
65,812
65,817
65,854
65,860
65,888
65,901
65,918
65,938
65,943
65,992
65,996
66,77
66,127
66,135
66,165
66,174
66,176
66,223
66,295
66,336
66,340
66,350
66,352
66,362
66,364
66,379
66,448
66,453
66,483
66,511
66,565
66,567
66,588
66,593
66,604
66,630
66,635
66,650
66,669
66,677
66,685
66,772
66,784
66,806
66,867
66,878
66,895
66,917
66,969
66,986
66,990
67,204
67,231
67,261
67,287
67,306
67,325
67,336
67,338
67,354
67,355
67,467
67,511
67,530
67,545
67,547
67,564
67,629
67,711
67,729
67,738
67,740
67,754
67,756
67,767
67,813
67,814
67,887
67,929
67,979
67,983
67,996
68,100
68,114
68,151
68,164
68,199
68,214
68,220
68,270
68,310
68,338
68,372
68,374
68,383
68,404
68,418
68,423
68,445
68,451
68,481
68,490
68,524
68,554
68,561
68,569
68,571
68,589
68,602
68,613
68,631
68,636
68,655
68,668
68,670
68,676
68,678
68,706
68,716
68,761
68,839
68,858
68,865
68,868
68,900
68,933
68,942
68,968
68,978
69,86
69,116
69,173
69,188
69,219
69,237
69,256
69,377
69,546
69,619
69,663
69,710
69,764
69,799
69,855
69,858
69,900
70,101
70,126
70,141
70,151
70,163
70,194
70,203
70,208
70,220
70,239
70,273
70,277
70,335
70,341
70,363
70,401
70,404
70,435
70,454
70,457
70,481
70,487
70,496
70,508
70,520
70,526
70,533
70,578
70,584
70,628
70,637
70,653
70,660
70,670
70,682
70,684
70,688
70,694
70,775
70,783
70,829
70,838
70,898
70,933
70,954
71,83
71,91
71,93
71,97
71,108
71,157
71,207
71,208
71,209
71,297
71,350
71,382
71,422
71,440
71,458
71,469
71,487
71,538
71,544
71,547
71,588
71,615
71,651
71,669
71,707
71,719
71,732
71,746
71,756
71,786
71,896
71,934
71,990
72,111
72,128
72,172
72,181
72,191
72,200
72,226
72,246
72,256
72,260
72,278
72,281
72,283
72,295
72,304
72,310
72,318
72,332
72,334
72,339
72,357
72,383
72,390
72,394
72,415
72,418
72,437
72,440
72,449
72,451
72,454
72,481
72,513
72,524
72,531
72,545
72,566
72,575
72,582
72,583
72,592
72,607
72,608
72,658
72,668
72,706
72,734
72,745
72,747
72,795
72,796
72,799
72,807
72,822
72,829
72,838
72,841
72,844
72,852
72,858
72,897
72,951
72,956
72,960
72,977
72,980
72,999
73,89
73,104
73,121
73,125
73,130
73,159
73,174
73,244
73,263
73,278
73,279
73,284
73,373
73,438
73,498
73,532
73,563
73,581
73,639
73,648
73,661
73,751
73,753
73,810
73,849
73,850
73,881
73,950
74,81
74,106
74,128
74,142
74,166
74,185
74,212
74,228
74,239
74,240
74,357
74,368
74,377
74,390
74,411
74,417
74,439
74,440
74,519
74,524
74,530
74,548
74,568
74,569
74,572
74,583
74,608
74,615
74,619
74,666
74,780
74,794
74,808
74,822
74,843
74,860
74,872
74,888
74,893
74,902
74,914
74,926
74,939
74,957
74,979
74,985
74,992
75,173
75,188
75,191
75,221
75,262
75,293
75,323
75,331
75,367
75,377
75,390
75,411
75,451
75,475
75,486
75,530
75,566
75,578
75,583
75,609
75,663
75,754
75,757
75,779
75,780
75,785
75,787
75,794
75,814
75,820
75,827
75,848
75,962
75,985
75,990
75,991
76,79
76,90
76,99
76,134
76,135
76,164
76,170
76,173
76,188
76,259
76,272
76,283
76,295
76,314
76,328
76,374
76,401
76,411
76,442
76,473
76,489
76,492
76,493
76,554
76,577
76,587
76,606
76,626
76,646
76,664
76,708
76,729
76,807
76,844
76,846
76,854
76,865
76,936
76,940
76,946
76,959
76,965
76,978
76,987
77,106
77,138
77,183
77,185
77,204
77,212
77,230
77,233
77,235
77,252
77,262
77,299
77,304
77,334
77,354
77,366
77,373
77,396
77,411
77,416
77,440
77,442
77,469
77,512
77,547
77,548
77,597
77,605
77,666
77,688
77,689
77,709
77,711
77,712
77,751
77,786
77,798
77,804
77,822
77,823
77,854
77,859
77,888
77,901
77,902
77,908
77,911
77,919
77,926
77,938
77,971
77,992
78,84
78,95
78,97
78,149
78,183
78,235
78,252
78,306
78,312
78,356
78,373
78,415
78,436
78,444
78,488
78,503
78,511
78,519
78,528
78,552
78,579
78,618
78,620
78,622
78,711
78,817
78,820
78,867
78,896
78,897
78,938
78,956
78,992
79,98
79,109
79,111
79,114
79,128
79,149
79,150
79,164
79,165
79,170
79,176
79,179
79,181
79,188
79,243
79,249
79,254
79,269
79,270
79,295
79,331
79,339
79,349
79,352
79,383
79,395
79,401
79,418
79,473
79,501
79,507
79,581
79,583
79,589
79,611
79,624
79,646
79,658
79,664
79,705
79,752
79,766
79,779
79,795
79,802
79,811
79,827
79,846
79,857
79,858
79,873
79,897
79,900
79,904
79,914
79,922
79,931
79,936
79,973
79,985
79,987
80,86
80,93
80,128
80,140
80,150
80,154
80,192
80,193
80,198
80,248
80,278
80,282
80,290
80,296
80,301
80,320
80,347
80,348
80,386
80,387
80,410
80,444
80,464
80,472
80,479
80,549
80,553
80,605
80,624
80,645
80,650
80,661
80,683
80,692
80,716
80,727
80,750
80,751
80,758
80,759
80,786
80,810
80,818
80,847
80,879
80,895
80,908
80,930
80,948
80,967
80,994
81,109
81,119
81,125
81,132
81,141
81,155
81,156
81,167
81,180
81,247
81,260
81,265
81,273
81,276
81,330
81,335
81,363
81,404
81,422
81,424
81,427
81,431
81,446
81,474
81,492
81,498
81,508
81,538
81,541
81,573
81,586
81,591
81,600
81,642
81,647
81,653
81,664
81,680
81,682
81,683
81,684
81,714
81,715
81,722
81,749
81,751
81,773
81,775
81,779
81,799
81,829
81,848
81,849
81,894
81,898
81,909
81,958
81,972
81,993
82,87
82,115
82,166
82,169
82,176
82,177
82,208
82,219
82,226
82,235
82,237
82,295
82,300
82,302
82,304
82,349
82,372
82,374
82,377
82,396
82,406
82,410
82,411
82,417
82,424
82,425
82,427
82,437
82,445
82,446
82,450
82,498
82,503
82,515
82,545
82,555
82,556
82,574
82,591
82,605
82,612
82,626
82,647
82,654
82,666
82,673
82,681
82,691
82,708
82,725
82,741
82,742
82,747
82,779
82,790
82,800
82,813
82,828
82,829
82,831
82,848
82,851
82,860
82,872
82,902
82,916
82,948
82,985
82,995
82,996
83,85
83,94
83,131
83,136
83,139
83,192
83,219
83,253
83,382
83,413
83,498
83,538
83,587
83,624
83,628
83,673
83,693
83,696
83,707
83,717
83,759
83,786
83,800
83,811
83,831
83,867
83,916
83,925
83,943
83,945
83,957
83,963
84,89
84,100
84,144
84,156
84,162
84,167
84,193
84,214
84,267
84,268
84,274
84,284
84,317
84,360
84,387
84,401
84,427
84,433
84,435
84,477
84,504
84,532
84,555
84,569
84,586
84,598
84,606
84,644
84,668
84,671
84,684
84,692
84,715
84,722
84,723
84,739
84,741
84,748
84,749
84,768
84,776
84,783
84,809
84,829
84,835
84,851
84,853
84,861
84,886
84,898
84,906
84,917
85,93
85,94
85,150
85,166
85,171
85,208
85,219
85,269
85,290
85,301
85,302
85,313
85,337
85,402
85,403
85,407
85,412
85,414
85,419
85,432
85,461
85,470
85,481
85,491
85,494
85,506
85,509
85,521
85,558
85,571
85,604
85,639
85,645
85,650
85,674
85,693
85,698
85,732
85,791
85,813
85,817
85,828
85,838
85,867
85,871
85,872
85,890
85,908
85,911
85,926
85,931
85,934
85,948
85,960
85,976
85,978
85,994
86,87
86,105
86,109
86,118
86,119
86,135
86,162
86,166
86,171
86,178
86,192
86,252
86,281
86,282
86,289
86,340
86,397
86,400
86,418
86,450
86,461
86,462
86,469
86,481
86,506
86,507
86,514
86,556
86,571
86,599
86,606
86,648
86,650
86,653
86,661
86,665
86,686
86,687
86,696
86,713
86,732
86,735
86,748
86,758
86,793
86,804
86,808
86,838
86,864
86,868
86,869
86,875
86,885
86,893
86,916
86,923
86,934
86,957
86,961
86,967
86,976
86,999
87,127
87,139
87,150
87,213
87,222
87,246
87,257
87,269
87,305
87,372
87,402
87,412
87,413
87,433
87,464
87,478
87,485
87,533
87,582
87,650
87,674
87,709
87,717
87,730
87,756
87,834
87,867
87,870
87,888
87,908
87,931
87,943
87,948
88,108
88,183
88,184
88,192
88,194
88,198
88,202
88,209
88,223
88,238
88,280
88,296
88,308
88,309
88,336
88,344
88,348
88,362
88,399
88,400
88,403
88,448
88,452
88,483
88,497
88,498
88,541
88,549
88,550
88,553
88,604
88,625
88,627
88,637
88,669
88,672
88,699
88,721
88,760
88,772
88,778
88,793
88,826
88,840
88,879
88,885
88,904
88,908
88,923
88,934
88,937
88,945
88,952
88,975
88,981
89,109
89,115
89,137
89,160
89,174
89,223
89,224
89,239
89,247
89,248
89,284
89,316
89,409
89,469
89,494
89,510
89,515
89,581
89,602
89,648
89,655
89,662
89,680
89,733
89,753
89,805
89,938
89,963
89,970
90,102
90,117
90,134
90,142
90,143
90,210
90,232
90,317
90,394
90,489
90,589
90,632
90,664
90,668
90,705
90,761
90,782
90,821
90,947
90,951
90,978
90,989
91,108
91,139
91,157
91,161
91,282
91,359
91,407
91,422
91,432
91,478
91,483
91,497
91,538
91,588
91,636
91,682
91,707
91,719
91,730
91,746
91,756
91,804
91,855
91,880
91,884
91,986
92,107
92,131
92,169
92,183
92,204
92,246
92,269
92,287
92,299
92,301
92,361
92,377
92,382
92,404
92,410
92,412
92,458
92,476
92,509
92,582
92,663
92,689
92,707
92,730
92,748
92,756
92,763
92,791
92,807
92,854
92,864
92,867
92,893
92,908
92,911
92,920
92,925
92,943
92,948
92,984
92,995
93,97
93,108
93,112
93,154
93,171
93,192
93,208
93,298
93,301
93,304
93,310
93,385
93,410
93,419
93,425
93,428
93,439
93,464
93,465
93,467
93,506
93,514
93,521
93,527
93,558
93,573
93,579
93,588
93,593
93,643
93,645
93,661
93,674
93,693
93,695
93,725
93,732
93,738
93,750
93,758
93,793
93,796
93,803
93,835
93,848
93,860
93,869
93,876
93,879
93,884
93,901
93,914
93,927
93,934
93,951
93,961
93,994
94,171
94,196
94,208
94,235
94,257
94,276
94,287
94,288
94,290
94,296
94,299
94,309
94,324
94,337
94,344
94,353
94,406
94,407
94,411
94,413
94,415
94,428
94,454
94,464
94,478
94,483
94,506
94,558
94,574
94,582
94,599
94,612
94,615
94,673
94,689
94,692
94,693
94,709
94,730
94,732
94,740
94,751
94,817
94,826
94,828
94,830
94,834
94,836
94,845
94,883
94,893
94,908
94,934
94,936
94,943
94,944
94,958
94,971
94,990
94,995
95,103
95,183
95,201
95,252
95,261
95,355
95,356
95,413
95,415
95,436
95,442
95,476
95,503
95,512
95,535
95,552
95,637
95,705
95,711
95,841
95,860
95,875
95,983
95,996
96,97
96,148
96,178
96,192
96,193
96,197
96,198
96,209
96,218
96,278
96,280
96,298
96,303
96,339
96,344
96,444
96,452
96,467
96,491
96,506
96,540
96,557
96,594
96,599
96,601
96,624
96,635
96,662
96,707
96,728
96,759
96,763
96,796
96,826
96,840
96,879
96,930
96,934
96,943
96,952
96,955
96,960
96,962
96,976
96,990
97,136
97,137
97,148
97,192
97,208
97,209
97,222
97,245
97,248
97,279
97,281
97,303
97,306
97,312
97,337
97,343
97,400
97,427
97,467
97,483
97,491
97,504
97,552
97,568
97,601
97,604
97,624
97,630
97,635
97,645
97,653
97,661
97,695
97,738
97,750
97,784
97,793
97,840
97,850
97,869
97,876
97,901
97,922
97,934
97,958
97,962
97,983
98,102
98,104
98,119
98,124
98,128
98,130
98,134
98,142
98,146
98,164
98,170
98,179
98,203
98,206
98,210
98,227
98,231
98,232
98,270
98,378
98,383
98,391
98,393
98,394
98,404
98,405
98,434
98,466
98,473
98,489
98,518
98,569
98,583
98,611
98,614
98,628
98,632
98,658
98,664
98,713
98,774
98,779
98,782
98,815
98,820
98,836
98,848
98,858
98,860
98,873
98,900
98,904
98,914
98,936
98,947
98,965
98,978
98,989
99,101
99,119
99,125
99,159
99,203
99,220
99,227
99,255
99,313
99,327
99,349
99,386
99,435
99,445
99,461
99,477
99,480
99,520
99,525
99,536
99,556
99,587
99,613
99,617
99,640
99,649
99,683
99,706
99,734
99,739
99,766
99,771
99,773
99,811
99,838
99,847
99,850
99,879
99,880
99,917
99,976
100,132
100,158
100,159
100,162
100,180
100,214
100,249
100,294
100,354
100,360
100,363
100,365
100,427
100,444
100,468
100,551
100,569
100,585
100,600
100,652
100,660
100,674
100,677
100,692
100,706
100,716
100,751
100,753
100,765
100,809
100,835
100,838
100,849
100,854
100,881
100,886
100,937
100,952
100,958
100,995
101,126
101,132
101,133
101,135
101,150
101,165
101,167
101,295
101,300
101,328
101,335
101,338
101,339
101,341
101,342
101,360
101,363
101,416
101,435
101,477
101,492
101,496
101,506
101,508
101,520
101,564
101,569
101,576
101,584
101,607
101,617
101,628
101,657
101,665
101,668
101,670
101,682
101,694
101,723
101,735
101,773
101,775
101,829
101,835
101,898
101,909
101,917
101,922
101,925
101,954
101,985
101,994
101,997
102,117
102,142
102,232
102,254
102,292
102,317
102,318
102,394
102,395
102,473
102,481
102,638
102,655
102,664
102,697
102,761
102,857
102,873
102,936
102,965
102,980
103,104
103,173
103,226
103,228
103,237
103,240
103,262
103,331
103,377
103,384
103,464
103,481
103,609
103,633
103,679
103,680
103,705
103,821
103,868
103,874
103,905
103,911
103,938
103,949
103,987
103,991
104,128
104,130
104,149
104,155
104,164
104,170
104,173
104,210
104,226
104,230
104,237
104,256
104,295
104,305
104,311
104,325
104,331
104,352
104,377
104,381
104,388
104,405
104,410
104,466
104,475
104,508
104,528
104,533
104,574
104,605
104,636
104,641
104,663
104,666
104,683
104,752
104,782
104,799
104,822
104,852
104,864
104,890
104,892
104,902
104,987
104,992
105,248
105,276
105,284
105,286
105,291
105,301
105,319
105,326
105,336
105,353
105,376
105,385
105,400
105,403
105,416
105,432
105,477
105,482
105,485
105,495
105,498
105,510
105,514
105,521
105,549
105,568
105,574
105,588
105,610
105,627
105,636
105,672
105,706
105,721
105,727
105,833
105,840
105,861
105,863
105,878
105,882
105,885
105,891
105,937
105,952
106,128
106,183
106,188
106,191
106,262
106,309
106,325
106,331
106,334
106,357
106,377
106,383
106,390
106,411
106,488
106,519
106,548
106,552
106,562
106,583
106,604
106,708
106,714
106,715
106,795
106,822
106,827
106,828
106,860
106,890
106,939
106,949
106,983
106,985
106,992
107,162
107,185
107,190
107,197
107,349
107,365
107,427
107,461
107,504
107,536
107,623
107,654
107,694
107,741
107,762
107,763
107,777
107,852
108,129
108,161
108,195
108,207
108,208
108,209
108,223
108,230
108,268
108,312
108,325
108,326
108,337
108,344
108,348
108,362
108,370
108,379
108,387
108,482
108,483
108,495
108,497
108,510
108,514
108,568
108,571
108,588
108,598
108,604
108,625
108,630
108,635
108,651
108,667
108,684
108,685
108,693
108,695
108,703
108,707
108,719
108,730
108,732
108,750
108,772
108,793
108,803
108,866
108,877
108,880
108,884
108,891
108,896
108,927
108,929
108,960
108,975
108,986
109,137
109,158
109,175
109,205
109,214
109,243
109,247
109,265
109,285
109,358
109,438
109,455
109,479
109,630
109,649
109,654
109,684
109,733
109,778
109,790
109,809
109,825
109,927
109,964
109,970
110,133
110,141
110,155
110,175
110,213
110,307
110,349
110,360
110,375
110,507
110,510
110,516
110,518
110,522
110,531
110,542
110,563
110,578
110,601
110,617
110,636
110,656
110,657
110,674
110,682
110,684
110,688
110,775
110,829
110,898
110,907
110,913
110,923
110,997
111,116
111,126
111,140
111,164
111,166
111,172
111,197
111,200
111,238
111,251
111,256
111,270
111,279
111,319
111,338
111,352
111,367
111,383
111,392
111,414
111,415
111,418
111,449
111,493
111,528
111,533
111,554
111,561
111,562
111,586
111,611
111,619
111,634
111,658
111,679
111,690
111,697
111,752
111,764
111,766
111,768
111,786
111,795
111,837
111,841
111,848
111,854
111,855
111,857
111,858
111,883
111,890
111,897
111,904
111,919
111,922
111,924
111,936
111,937
111,959
111,965
111,966
111,968
111,999
112,219
112,257
112,343
112,423
112,440
112,486
112,545
112,626
112,673
112,899
112,916
112,921
112,946
112,948
112,953
113,141
113,151
113,211
113,263
113,278
113,289
113,369
113,590
113,592
113,600
113,648
113,652
113,778
113,826
113,856
113,932
114,120
114,143
114,164
114,172
114,179
114,191
114,210
114,239
114,283
114,295
114,310
114,324
114,328
114,338
114,344
114,418
114,423
114,460
114,471
114,473
114,533
114,561
114,606
114,634
114,662
114,676
114,697
114,716
114,761
114,820
114,848
114,914
114,940
114,999
115,146
115,178
115,278
115,280
115,281
115,282
115,311
115,329
115,400
115,462
115,483
115,517
115,538
115,556
115,579
115,596
115,617
115,628
115,631
115,641
115,663
115,687
115,699
115,720
115,723
115,730
115,733
115,735
115,741
115,770
115,807
115,838
115,945
115,976
116,126
116,128
116,130
116,238
116,311
116,333
116,338
116,341
116,348
116,349
116,395
116,417
116,454
116,474
116,528
116,533
116,554
116,561
116,589
116,594
116,607
116,658
116,678
116,688
116,697
116,761
116,771
116,807
116,808
116,836
116,842
116,844
116,865
116,876
116,924
116,936
117,134
117,142
117,164
117,206
117,232
117,241
117,289
117,292
117,293
117,310
117,317
117,318
117,378
117,389
117,391
117,394
117,406
117,421
117,466
117,473
117,513
117,534
117,554
117,589
117,611
117,614
117,646
117,743
117,752
117,768
117,779
117,820
117,842
117,844
117,894
117,904
117,914
117,936
117,947
117,959
117,965
117,978
117,989
117,997
118,129
118,156
118,163
118,170
118,173
118,177
118,196
118,199
118,203
118,205
118,263
118,275
118,329
118,339
118,351
118,365
118,371
118,392
118,401
118,424
118,433
118,435
118,520
118,543
118,554
118,555
118,585
118,602
118,605
118,628
118,658
118,676
118,678
118,683
118,720
118,731
118,735
118,737
118,773
118,807
118,838
118,860
118,907
118,917
118,922
118,924
118,935
118,967
119,149
119,156
119,167
119,170
119,199
119,226
119,248
119,260
119,264
119,278
119,281
119,300
119,320
119,324
119,339
119,340
119,343
119,372
119,403
119,427
119,445
119,476
119,490
119,514
119,517
119,525
119,536
119,538
119,552
119,569
119,587
119,602
119,640
119,649
119,683
119,691
119,700
119,706
119,720
119,735
119,770
119,791
119,809
119,818
119,838
119,847
119,865
119,867
119,902
119,903
119,924
119,931
119,953
119,965
119,967
119,968
119,976
119,980
119,994
120,140
120,162
120,177
120,184
120,289
120,293
120,345
120,368
120,415
120,433
120,467
120,480
120,506
120,517
120,665
120,690
120,691
120,734
120,741
120,851
120,976
121,131
121,257
121,302
121,326
121,342
121,382
121,470
121,483
121,486
121,489
121,575
121,643
121,650
121,673
121,706
121,707
121,717
121,761
121,788
121,813
121,814
121,845
121,872
121,907
121,943
121,973
122,198
122,229
122,345
122,399
122,484
122,504
122,530
122,601
122,784
122,845
122,915
122,952
122,964
122,984
123,193
123,201
123,204
123,212
123,231
123,252
123,292
123,297
123,305
123,315
123,338
123,428
123,458
123,469
123,470
123,547
123,559
123,593
123,615
123,622
123,650
123,651
123,674
123,901
124,185
124,219
124,288
124,334
124,366
124,396
124,415
124,426
124,428
124,442
124,503
124,559
124,605
124,612
124,626
124,667
124,767
124,788
124,855
124,874
124,883
124,908
124,948
125,129
125,156
125,165
125,196
125,203
125,206
125,213
125,222
125,238
125,241
125,265
125,275
125,307
125,335
125,370
125,398
125,404
125,422
125,520
125,524
125,526
125,540
125,586
125,591
125,595
125,602
125,628
125,638
125,653
125,660
125,682
125,684
125,688
125,699
125,723
125,741
125,751
125,769
125,790
125,848
125,885
125,898
125,922
125,924
125,954
126,133
126,135
126,154
126,155
126,165
126,175
126,183
126,187
126,199
126,203
126,212
126,213
126,216
126,267
126,273
126,277
126,282
126,285
126,329
126,341
126,351
126,383
126,392
126,404
126,408
126,424
126,429
126,454
126,471
126,496
126,500
126,508
126,518
126,522
126,526
126,530
126,542
126,551
126,569
126,578
126,584
126,628
126,636
126,670
126,682
126,688
126,720
126,801
126,809
126,829
126,853
126,865
126,871
126,898
126,906
126,909
126,920
126,924
126,954
126,958
126,966
126,970
127,161
127,176
127,193
127,202
127,204
127,223
127,250
127,362
127,364
127,435
127,448
127,483
127,506
127,547
127,572
127,585
127,622
127,669
127,685
127,732
127,758
127,759
127,772
127,776
127,784
127,796
127,806
127,833
127,859
127,867
127,890
127,895
127,896
127,969
127,988
128,130
128,135
128,142
128,170
128,172
128,175
128,177
128,206
128,221
128,230
128,237
128,238
128,253
128,256
128,293
128,310
128,321
128,332
128,338
128,345
128,348
128,352
128,383
128,386
128,388
128,393
128,422
128,423
128,445
128,449
128,460
128,473
128,501
128,524
128,528
128,530
128,546
128,561
128,563
128,572
128,574
128,622
128,658
128,690
128,735
128,743
128,764
128,775
128,782
128,791
128,799
128,827
128,872
128,904
128,919
128,941
128,947
129,134
129,151
129,203
129,220
129,231
129,265
129,267
129,269
129,273
129,275
129,283
129,302
129,316
129,317
129,335
129,339
129,341
129,351
129,388
129,389
129,392
129,398
129,404
129,422
129,424
129,433
129,435
129,471
129,483
129,501
129,508
129,520
129,569
129,607
129,653
129,658
129,668
129,683
129,694
129,702
129,719
129,720
129,737
129,773
129,775
129,781
129,816
129,838
129,839
129,843
129,865
129,881
129,890
129,906
129,917
129,924
129,944
129,958
129,998
130,146
130,170
130,188
130,206
130,209
130,210
130,237
130,238
130,256
130,266
130,270
130,273
130,275
130,323
130,352
130,388
130,391
130,393
130,394
130,404
130,411
130,415
130,434
130,451
130,475
130,501
130,574
130,658
130,664
130,705
130,713
130,743
130,752
130,754
130,764
130,774
130,782
130,785
130,795
130,815
130,858
130,873
130,892
130,904
130,914
130,924
130,951
130,965
131,150
131,157
131,176
131,192
131,207
131,215
131,222
131,227
131,262
131,287
131,297
131,304
131,337
131,340
131,373
131,382
131,402
131,430
131,448
131,469
131,478
131,535
131,538
131,544
131,558
131,588
131,604
131,615
131,623
131,629
131,646
131,650
131,671
131,693
131,707
131,717
131,719
131,738
131,759
131,788
131,804
131,818
131,824
131,834
131,867
131,874
131,895
131,908
131,925
131,985
131,990
132,133
132,141
132,154
132,155
132,175
132,194
132,199
132,208
132,213
132,244
132,248
132,265
132,281
132,324
132,329
132,363
132,422
132,427
132,444
132,457
132,461
132,472
132,474
132,508
132,515
132,518
132,520
132,536
132,576
132,606
132,623
132,638
132,650
132,657
132,659
132,682
132,684
132,691
132,694
132,775
132,800
132,819
132,829
132,860
132,865
132,879
132,894
132,898
132,918
132,923
132,972
132,993
132,997
132,999
133,155
133,163
133,187
133,194
133,213
133,335
133,371
133,374
133,429
133,510
133,518
133,576
133,595
133,644
133,659
133,662
133,671
133,684
133,723
133,749
133,775
133,824
133,828
133,832
133,836
133,838
133,851
133,907
133,913
133,923
133,933
133,954
133,972
133,977
134,179
134,183
134,198
134,221
134,239
134,328
134,367
134,451
134,489
134,542
134,554
134,589
134,611
134,630
134,666
134,669
134,729
134,761
134,821
134,839
134,842
134,846
134,904
134,919
134,942
134,948
134,951
134,968
135,164
135,178
135,181
135,183
135,186
135,188
135,191
135,200
135,230
135,232
135,234
135,236
135,240
135,251
135,266
135,310
135,311
135,318
135,332
135,344
135,347
135,349
135,351
135,359
135,367
135,372
135,390
135,394
135,395
135,406
135,411
135,421
135,451
135,460
135,480
135,557
135,566
135,574
135,583
135,585
135,596
135,611
135,640
135,664
135,682
135,690
135,710
135,716
135,752
135,773
135,779
135,789
135,795
135,799
135,811
135,824
135,841
135,868
135,872
135,946
135,984
135,985
135,992
135,998
136,150
136,167
136,171
136,176
136,192
136,208
136,245
136,257
136,344
136,447
136,491
136,549
136,586
136,598
136,668
136,695
136,730
136,750
136,759
136,793
136,800
136,877
136,881
136,921
136,934
137,158
137,182
137,208
137,245
137,263
137,276
137,285
137,305
137,345
137,356
137,369
137,455
137,479
137,499
137,517
137,521
137,553
137,560
137,567
137,648
137,652
137,654
137,701
137,722
137,751
137,778
137,805
137,840
137,850
137,876
137,897
137,902
137,937
137,970
138,149
138,186
138,203
138,235
138,240
138,334
138,352
138,354
138,372
138,378
138,391
138,407
138,411
138,414
138,416
138,426
138,440
138,477
138,488
138,548
138,574
138,583
138,608
138,612
138,632
138,666
138,673
138,689
138,693
138,717
138,804
138,813
138,814
138,821
138,828
138,843
138,854
138,860
138,872
138,874
138,911
138,926
138,957
138,964
138,980
138,991
138,996
139,159
139,216
139,223
139,290
139,326
139,334
139,362
139,379
139,432
139,446
139,498
139,535
139,544
139,549
139,604
139,717
139,732
139,746
139,759
139,884
139,898
139,925
139,961
140,158
140,176
140,182
140,218
140,225
140,242
140,243
140,244
140,249
140,274
140,357
140,365
140,430
140,477
140,529
140,535
140,570
140,573
140,580
140,581
140,595
140,600
140,606
140,641
140,642
140,656
140,662
140,680
140,685
140,692
140,700
140,733
140,753
140,760
140,775
140,805
140,835
140,847
140,849
140,906
140,915
140,935
140,951
140,992
141,163
141,180
141,190
141,199
141,260
141,276
141,304
141,339
141,360
141,363
141,422
141,424
141,457
141,480
141,518
141,520
141,526
141,561
141,576
141,586
141,617
141,644
141,650
141,653
141,657
141,664
141,670
141,675
141,682
141,684
141,694
141,706
141,774
141,775
141,781
141,789
141,824
141,829
141,839
141,851
141,853
141,894
141,898
141,913
141,923
141,951
141,977
141,997
142,170
142,179
142,206
142,210
142,232
142,259
142,292
142,318
142,321
142,378
142,394
142,418
142,440
142,473
142,513
142,534
142,562
142,566
142,577
142,589
142,611
142,614
142,636
142,657
142,664
142,705
142,784
142,785
142,799
142,820
142,846
142,914
142,919
142,936
142,947
142,989
143,168
143,177
143,192
143,241
143,265
143,351
143,380
143,392
143,408
143,417
143,424
143,500
143,515
143,536
143,578
143,602
143,657
143,668
143,671
143,682
143,718
143,720
143,729
143,737
143,773
143,801
143,802
143,807
143,839
143,844
143,848
143,852
143,886
143,907
143,916
143,924
143,933
143,942
143,946
143,986
144,192
144,244
144,245
144,278
144,296
144,300
144,320
144,327
144,335
144,337
144,351
144,449
144,452
144,479
144,504
144,510
144,517
144,520
144,557
144,563
144,565
144,580
144,627
144,652
144,683
144,692
144,698
144,722
144,748
144,753
144,763
144,825
144,832
144,850
144,864
144,869
144,880
144,881
144,908
144,936
144,937
144,943
144,979
144,994
145,152
145,197
145,213
145,244
145,263
145,363
145,507
145,532
145,581
145,585
145,639
145,683
145,700
145,760
145,762
145,776
145,777
145,781
145,783
145,825
145,881
145,963
146,164
146,170
146,206
146,221
146,270
146,388
146,393
146,395
146,418
146,515
146,632
146,636
146,658
146,706
146,742
146,743
146,764
146,772
146,779
146,785
146,794
146,857
146,892
146,914
146,947
147,214
147,242
147,329
147,453
147,459
147,474
147,507
147,526
147,609
147,642
147,670
147,789
147,802
147,913
147,923
147,935
147,972
148,184
148,192
148,193
148,200
148,223
148,248
148,263
148,280
148,298
148,303
148,348
148,353
148,362
148,439
148,448
148,452
148,479
148,504
148,549
148,573
148,604
148,627
148,635
148,695
148,698
148,731
148,755
148,793
148,796
148,861
148,877
148,952
148,974
148,994
149,173
149,183
149,194
149,226
149,230
149,233
149,236
149,237
149,246
149,256
149,270
149,293
149,318
149,331
149,352
149,372
149,383
149,388
149,411
149,414
149,470
149,524
149,528
149,546
149,559
149,562
149,572
149,579
149,583
149,585
149,617
149,709
149,719
149,740
149,754
149,757
149,759
149,779
149,782
149,791
149,906
149,941
149,951
149,980
149,987
149,999
150,166
150,169
150,171
150,185
150,208
150,226
150,230
150,255
150,257
150,269
150,301
150,334
150,337
150,348
150,361
150,397
150,400
150,413
150,419
150,434
150,445
150,468
150,506
150,509
150,577
150,582
150,612
150,624
150,638
150,641
150,645
150,646
150,665
150,668
150,674
150,683
150,686
150,709
150,728
150,735
150,758
150,759
150,791
150,796
150,804
150,823
150,828
150,838
150,851
150,855
150,867
150,872
150,875
150,883
150,884
150,893
150,921
150,931
150,956
150,957
150,988
151,153
151,172
151,187
151,196
151,217
151,220
151,238
151,239
151,293
151,295
151,318
151,341
151,349
151,351
151,374
151,375
151,393
151,395
151,404
151,447
151,450
151,452
151,458
151,536
151,575
151,578
151,602
151,607
151,614
151,617
151,637
151,641
151,660
151,713
151,715
151,720
151,788
151,801
151,825
151,839
151,844
151,850
151,865
151,890
151,893
151,900
151,935
151,942
151,968
151,999
152,153
152,173
152,179
152,191
152,295
152,314
152,338
152,339
152,352
152,374
152,381
152,417
152,423
152,449
152,473
152,561
152,585
152,596
152,602
152,658
152,868
152,890
152,907
152,914
152,940
152,948
153,191
153,277
153,302
153,471
153,523
153,531
153,561
153,574
153,587
153,848
153,890
153,946
153,968
154,157
154,158
154,171
154,177
154,192
154,208
154,222
154,248
154,296
154,300
154,303
154,308
154,320
154,330
154,344
154,345
154,348
154,353
154,356
154,385
154,394
154,411
154,462
154,487
154,510
154,514
154,530
154,553
154,565
154,585
154,586
154,594
154,609
154,648
154,658
154,668
154,698
154,707
154,727
154,728
154,741
154,755
154,793
154,796
154,808
154,813
154,823
154,832
154,847
154,851
154,867
154,869
154,879
154,880
154,895
154,920
154,927
154,930
154,932
154,934
154,937
154,944
154,973
154,976
154,994
155,158
155,160
155,163
155,175
155,199
155,203
155,213
155,335
155,342
155,351
155,360
155,363
155,370
155,383
155,392
155,410
155,414
155,424
155,427
155,474
155,487
155,492
155,508
155,518
155,520
155,550
155,576
155,586
155,616
155,617
155,649
155,657
155,659
155,661
155,665
155,670
155,685
155,697
155,702
155,704
155,775
155,781
155,796
155,833
155,839
155,847
155,865
155,881
155,903
155,909
155,918
155,923
155,944
155,993
155,997
156,180
156,187
156,191
156,196
156,205
156,249
156,264
156,265
156,306
156,307
156,314
156,387
156,401
156,422
156,424
156,433
156,461
156,500
156,623
156,652
156,660
156,682
156,691
156,706
156,748
156,751
156,771
156,782
156,819
156,980
156,998
157,176
157,215
157,231
157,350
157,354
157,362
157,372
157,382
157,430
157,439
157,440
157,470
157,478
157,537
157,538
157,547
157,579
157,588
157,629
157,669
157,707
157,746
157,772
157,786
157,820
157,883
157,893
157,912
157,925
157,969
157,990
158,159
158,167
158,242
158,243
158,249
158,267
158,335
158,342
158,354
158,370
158,400
158,427
158,429
158,471
158,477
158,492
158,495
158,520
158,521
158,529
158,551
158,567
158,576
158,580
158,581
158,591
158,600
158,602
158,606
158,642
158,647
158,655
158,662
158,669
158,671
158,678
158,682
158,692
158,709
158,724
158,727
158,733
158,744
158,753
158,765
158,778
158,789
158,805
158,824
158,835
158,847
158,862
158,894
158,906
158,917
158,920
158,936
158,950
158,975
159,162
159,173
159,176
159,183
159,194
159,203
159,216
159,240
159,267
159,316
159,319
159,325
159,335
159,370
159,376
159,516
159,524
159,551
159,555
159,581
159,600
159,606
159,642
159,647
159,649
159,653
159,654
159,662
159,675
159,677
159,683
159,688
159,700
159,733
159,753
159,789
159,842
159,847
159,894
159,906
159,935
159,950
159,955
159,975
160,193
160,211
160,216
160,285
160,320
160,322
160,339
160,353
160,399
160,403
160,404
160,422
160,467
160,482
160,485
160,498
160,521
160,537
160,543
160,545
160,549
160,550
160,552
160,563
160,565
160,580
160,627
160,638
160,642
160,643
160,648
160,652
160,662
160,698
160,704
160,706
160,726
160,731
160,733
160,744
160,751
160,753
160,805
160,809
160,825
160,850
160,864
160,882
160,918
160,927
160,932
160,934
160,937
160,970
160,996
161,198
161,202
161,312
161,344
161,348
161,356
161,361
161,362
161,364
161,432
161,448
161,483
161,494
161,537
161,549
161,558
161,598
161,635
161,680
161,691
161,707
161,772
161,793
161,796
161,885
161,891
161,901
161,908
161,921
161,931
161,960
162,171
162,177
162,197
162,205
162,218
162,234
162,271
162,303
162,347
162,387
162,431
162,454
162,456
162,474
162,500
162,549
162,563
162,592
162,601
162,699
162,739
162,765
162,778
162,781
162,792
162,810
162,816
162,819
162,880
162,914
162,958
163,175
163,194
163,199
163,213
163,255
163,273
163,330
163,360
163,386
163,422
163,429
163,441
163,454
163,456
163,457
163,474
163,576
163,595
163,657
163,702
163,775
163,863
163,906
163,926
163,958
163,972
163,977
163,997
164,172
164,173
164,179
164,200
164,232
164,233
164,283
164,310
164,391
164,418
164,443
164,449
164,451
164,466
164,489
164,493
164,501
164,519
164,534
164,536
164,602
164,611
164,632
164,634
164,641
164,658
164,690
164,752
164,766
164,769
164,836
164,837
164,844
164,846
164,857
164,858
164,873
164,904
164,919
164,959
164,973
165,170
165,175
165,185
165,217
165,273
165,277
165,302
165,327
165,341
165,398
165,424
165,435
165,444
165,454
165,468
165,471
165,485
165,526
165,564
165,575
165,578
165,584
165,585
165,595
165,628
165,688
165,689
165,720
165,778
165,781
165,790
165,802
165,829
165,851
165,867
165,871
165,898
165,922
165,928
165,963
165,966
165,970
166,183
166,196
166,256
166,269
166,282
166,301
166,338
166,397
166,430
166,437
166,439
166,465
166,481
166,488
166,502
166,506
166,510
166,515
166,517
166,527
166,538
166,544
166,545
166,643
166,661
166,674
166,686
166,751
166,763
166,791
166,886
166,921
166,931
166,948
166,957
166,995
167,183
167,199
167,203
167,214
167,219
167,265
167,276
167,277
167,329
167,335
167,342
167,399
167,422
167,427
167,468
167,485
167,487
167,488
167,518
167,531
167,563
167,569
167,586
167,591
167,607
167,617
167,621
167,628
167,659
167,660
167,684
167,722
167,723
167,731
167,751
167,776
167,809
167,816
167,829
167,900
167,909
167,938
167,993
168,234
168,241
168,258
168,311
168,349
168,380
168,404
168,408
168,425
168,443
168,480
168,514
168,515
168,544
168,546
168,575
168,584
168,592
168,613
168,628
168,706
168,723
168,730
168,779
168,801
168,807
168,811
168,838
168,868
168,907
168,948
168,973
168,980
168,998
169,235
169,236
169,238
169,246
169,252
169,257
169,302
169,305
169,366
169,372
169,413
169,420
169,467
169,502
169,562
169,582
169,624
169,641
169,709
169,730
169,775
169,813
169,834
169,888
169,892
169,908
169,943
169,971
170,191
170,206
170,221
170,256
170,260
170,270
170,332
170,354
170,393
170,466
170,473
170,499
170,511
170,546
170,561
170,577
170,605
170,614
170,632
170,636
170,646
170,716
170,745
170,761
170,764
170,774
170,779
170,785
170,799
170,808
170,815
170,827
170,858
170,873
170,890
170,892
170,914
170,924
170,936
170,965
170,989
171,192
171,193
171,208
171,222
171,246
171,260
171,298
171,301
171,330
171,379
171,419
171,445
171,448
171,467
171,498
171,505
171,545
171,558
171,565
171,593
171,597
171,599
171,604
171,617
171,635
171,641
171,654
171,661
171,668
171,680
171,714
171,732
171,750
171,758
171,759
171,763
171,791
171,814
171,847
171,869
171,925
171,955
171,967
171,975
171,980
171,993
171,994
172,187
172,191
172,200
172,238
172,283
172,332
172,338
172,376
172,381
172,390
172,395
172,418
172,429
172,443
172,449
172,470
172,515
172,534
172,561
172,602
172,614
172,634
172,690
172,761
172,766
172,792
172,804
172,844
172,848
172,857
172,947
172,967
172,978
172,989
173,179
173,226
173,237
173,239
173,256
173,293
173,323
173,331
173,352
173,357
173,377
173,378
173,383
173,405
173,426
173,446
173,448
173,503
173,506
173,508
173,524
173,528
173,572
173,574
173,578
173,583
173,609
173,636
173,663
173,678
173,736
173,740
173,743
173,752
173,754
173,767
173,793
173,827
173,828
173,859
173,872
173,874
173,902
173,905
173,911
173,920
173,941
173,965
173,971
174,182
174,258
174,279
174,363
174,369
174,380
174,479
174,484
174,543
174,586
174,649
174,652
174,675
174,680
174,736
174,752
174,753
174,755
174,765
174,856
174,918
174,932
174,955
174,961
175,180
175,198
175,199
175,207
175,225
175,249
175,260
175,273
175,311
175,329
175,335
175,339
175,346
175,349
175,363
175,370
175,371
175,375
175,422
175,427
175,429
175,487
175,492
175,507
175,508
175,516
175,518
175,520
175,551
175,559
175,569
175,576
175,586
175,591
175,595
175,617
175,648
175,653
175,657
175,659
175,660
175,671
175,682
175,684
175,702
175,722
175,751
175,753
175,767
175,781
175,783
175,789
175,796
175,802
175,809
175,824
175,829
175,848
175,883
175,898
175,906
175,909
175,913
175,918
175,923
175,925
175,933
175,935
175,963
175,972
175,976
175,977
175,997
176,207
176,208
176,212
176,227
176,231
176,287
176,297
176,308
176,315
176,337
176,350
176,353
176,382
176,389
176,407
176,430
176,436
176,439
176,448
176,458
176,469
176,470
176,478
176,517
176,524
176,544
176,574
176,588
176,593
176,594
176,605
176,615
176,629
176,635
176,651
176,669
176,707
176,709
176,717
176,738
176,754
176,759
176,789
176,814
176,828
176,878
176,883
176,885
176,888
176,901
176,912
176,925
176,931
176,958
176,971
176,983
176,990
177,218
177,251
177,289
177,302
177,314
177,340
177,372
177,373
177,430
177,462
177,463
177,467
177,514
177,517
177,532
177,556
177,571
177,579
177,582
177,627
177,640
177,655
177,665
177,668
177,733
177,736
177,741
177,755
177,763
177,801
177,818
177,819
177,856
177,859
177,880
177,967
177,976
178,222
178,248
178,276
178,290
178,303
178,304
178,308
178,336
178,340
178,354
178,372
178,392
178,397
178,424
178,449
178,490
178,506
178,511
178,514
178,525
178,545
178,558
178,572
178,579
178,582
178,586
178,639
178,645
178,661
178,674
178,686
178,687
178,693
178,712
178,760
178,763
178,796
178,800
178,807
178,818
178,838
178,864
178,869
178,877
178,883
178,890
178,893
178,934
178,945
178,948
178,967
178,973
178,976
178,995
179,238
179,251
179,256
179,265
179,266
179,301
179,321
179,390
179,391
179,434
179,475
179,489
179,513
179,577
179,589
179,611
179,619
179,639
179,664
179,679
179,690
179,729
179,779
179,820
179,837
179,846
179,875
179,904
179,905
179,914
179,936
179,948
179,965
179,973
179,999
180,182
180,214
180,242
180,243
180,267
180,274
180,276
180,281
180,294
180,342
180,370
180,382
180,387
180,404
180,419
180,428
180,433
180,477
180,478
180,507
180,508
180,520
180,529
180,555
180,557
180,573
180,622
180,642
180,647
180,653
180,654
180,665
180,671
180,685
180,715
180,751
180,753
180,760
180,772
180,809
180,832
180,835
180,849
180,894
180,900
180,906
180,909
180,917
180,993
181,338
181,390
181,412
181,418
181,450
181,451
181,460
181,466
181,524
181,532
181,548
181,561
181,587
181,603
181,734
181,795
181,807
181,828
181,837
181,841
181,846
181,860
181,867
181,890
181,987
181,992
182,242
182,265
182,307
182,313
182,333
182,360
182,365
182,421
182,434
182,435
182,438
182,444
182,529
182,580
182,581
182,585
182,600
182,610
182,658
182,662
182,675
182,686
182,692
182,722
182,741
182,748
182,765
182,835
182,849
182,864
182,881
182,886
182,906
182,909
182,915
182,972
183,204
183,212
183,220
183,223
183,228
183,231
183,235
183,240
183,252
183,257
183,345
183,352
183,356
183,366
183,372
183,388
183,411
183,415
183,446
183,469
183,478
183,488
183,503
183,512
183,524
183,547
183,579
183,608
183,629
183,647
183,711
183,717
183,740
183,823
183,843
183,875
183,883
183,900
183,905
183,934
183,971
183,979
183,983
183,985
183,992
183,996
184,198
184,285
184,308
184,336
184,373
184,400
184,403
184,439
184,494
184,497
184,539
184,545
184,549
184,553
184,568
184,610
184,661
184,675
184,703
184,727
184,733
184,826
184,833
184,840
184,863
184,882
184,981
185,204
185,227
185,231
185,252
185,261
185,287
185,291
185,293
185,306
185,315
185,325
185,334
185,354
185,355
185,413
185,415
185,416
185,428
185,440
185,442
185,452
185,476
185,491
185,497
185,502
185,525
185,533
185,544
185,579
185,583
185,605
185,607
185,615
185,621
185,623
185,667
185,711
185,712
185,725
185,743
185,756
185,817
185,830
185,855
185,876
185,887
185,888
185,895
185,926
185,931
185,938
185,983
186,197
186,305
186,333
186,357
186,368
186,380
186,410
186,425
186,437
186,445
186,462
186,480
186,481
186,525
186,556
186,592
186,603
186,639
186,640
186,641
186,828
186,830
186,861
186,871
186,890
186,922
186,934
186,987
187,226
187,239
187,273
187,283
187,287
187,342
187,374
187,375
187,388
187,391
187,404
187,423
187,424
187,429
187,435
187,443
187,447
187,507
187,525
187,533
187,567
187,591
187,607
187,660
187,664
187,678
187,697
187,706
187,713
187,716
187,739
187,751
187,795
187,811
187,815
187,824
187,834
187,843
187,919
187,965
187,970
187,993
187,999
188,206
188,226
188,230
188,240
188,256
188,257
188,293
188,299
188,319
188,331
188,338
188,344
188,377
188,378
188,408
188,411
188,480
188,493
188,503
188,530
188,548
188,562
188,574
188,583
188,609
188,632
188,666
188,708
188,714
188,735
188,754
188,756
188,780
188,782
188,786
188,787
188,817
188,821
188,822
188,824
188,827
188,843
188,872
188,876
188,885
188,926
188,929
188,940
188,949
188,971
188,980
188,987
188,991
188,995
188,996
189,250
189,385
189,403
189,419
189,420
189,440
189,445
189,514
189,539
189,541
189,549
189,560
189,568
189,616
189,625
189,638
189,672
189,701
189,725
189,807
189,986
190,264
190,298
190,325
190,334
190,399
190,401
190,432
190,438
190,444
190,468
190,474
190,516
190,580
190,587
190,600
190,610
190,671
190,692
190,700
190,741
190,762
190,770
190,777
190,781
190,825
190,835
190,842
190,847
190,881
190,882
190,886
190,902
190,958
190,967
190,970
190,994
191,203
191,238
191,273
191,293
191,319
191,332
191,349
191,352
191,359
191,367
191,383
191,404
191,416
191,424
191,443
191,449
191,454
191,493
191,513
191,517
191,634
191,641
191,642
191,658
191,668
191,678
191,716
191,752
191,774
191,848
191,858
191,890
191,903
191,990
191,999
192,193
192,207
192,209
192,246
192,250
192,280
192,296
192,303
192,337
192,344
192,382
192,400
192,415
192,439
192,459
192,474
192,476
192,494
192,514
192,553
192,555
192,558
192,568
192,580
192,627
192,632
192,656
192,677
192,693
192,707
192,721
192,750
192,796
192,868
192,869
192,877
192,881
192,884
192,895
192,912
192,927
192,934
192,967
192,990
192,994
193,199
193,212
193,239
193,248
193,296
193,303
193,336
193,337
193,345
193,403
193,442
193,484
193,495
193,517
193,524
193,547
193,565
193,594
193,601
193,629
193,706
193,750
193,793
193,796
193,826
193,832
193,840
193,877
193,879
193,918
193,923
193,926
193,945
193,962
194,199
194,213
194,261
194,262
194,273
194,276
194,315
194,370
194,429
194,472
194,487
194,492
194,516
194,518
194,528
194,576
194,586
194,595
194,638
194,645
194,647
194,653
194,657
194,659
194,670
194,682
194,691
194,702
194,775
194,824
194,898
194,909
194,913
194,917
194,933
194,972
194,977
194,997
195,326
195,344
195,497
195,535
195,738
195,900
195,920
196,203
196,217
196,220
196,269
196,272
196,297
196,335
196,339
196,341
196,347
196,380
196,395
196,423
196,424
196,433
196,440
196,471
196,481
196,500
196,507
196,515
196,536
196,569
196,578
196,587
196,588
196,613
196,642
196,644
196,668
196,676
196,678
196,691
196,718
196,737
196,769
196,790
196,804
196,865
196,890
196,902
196,921
196,924
197,199
197,208
197,234
197,448
197,461
197,466
197,551
197,587
197,619
197,623
197,640
197,643
197,656
197,681
197,699
197,763
197,770
197,777
197,797
197,808
197,810
197,812
197,832
197,881
197,911
197,932
197,937
197,963
198,245
198,281
198,322
198,389
198,459
198,467
198,483
198,485
198,497
198,498
198,504
198,549
198,570
198,573
198,594
198,601
198,627
198,635
198,643
198,645
198,649
198,669
198,701
198,703
198,713
198,714
198,721
198,757
198,793
198,796
198,826
198,833
198,840
198,864
198,879
198,909
198,945
198,952
198,955
198,962
198,966
198,984
199,215
199,220
199,243
199,257
199,267
199,335
199,360
199,363
199,372
199,380
199,401
199,422
199,429
199,435
199,444
199,457
199,468
199,474
199,487
199,516
199,518
199,531
199,551
199,555
199,576
199,584
199,595
199,600
199,653
199,655
199,657
199,670
199,684
199,686
199,702
199,747
199,779
199,786
199,807
199,824
199,835
199,839
199,851
199,865
199,871
199,895
199,913
199,937
199,953
199,971
199,972
199,977
199,997
200,238
200,313
200,317
200,319
200,321
200,332
200,383
200,418
200,443
200,456
200,460
200,493
200,589
200,596
200,614
200,664
200,690
200,745
200,752
200,766
200,779
200,795
200,837
200,846
200,848
200,857
200,858
200,874
200,940
200,946
201,231
201,240
201,242
201,261
201,287
201,305
201,350
201,381
201,458
201,469
201,544
201,579
201,612
201,615
201,651
201,717
201,781
201,788
201,845
201,901
201,948
202,204
202,291
202,326
202,331
202,338
202,348
202,366
202,400
202,403
202,491
202,504
202,549
202,624
202,688
202,750
202,784
202,786
202,793
202,800
202,861
202,863
202,945
203,217
203,255
203,265
203,275
203,294
203,312
203,339
203,349
203,351
203,367
203,368
203,378
203,392
203,398
203,404
203,424
203,431
203,435
203,447
203,461
203,471
203,500
203,533
203,539
203,542
203,556
203,569
203,573
203,575
203,578
203,603
203,613
203,628
203,642
203,649
203,653
203,659
203,668
203,688
203,694
203,703
203,715
203,720
203,773
203,790
203,801
203,816
203,824
203,890
203,894
203,909
203,924
204,227
204,256
204,271
204,287
204,305
204,379
204,416
204,476
204,544
204,579
204,628
204,740
204,756
204,884
204,971
204,983
204,992
204,996
205,255
205,272
205,335
205,387
205,401
205,461
205,536
205,585
205,586
205,607
205,683
205,692
205,739
205,748
205,760
205,768
205,777
205,781
205,811
205,848
205,851
205,860
205,870
205,955
205,958
205,959
206,221
206,268
206,270
206,275
206,318
206,338
206,352
206,383
206,390
206,450
206,466
206,475
206,501
206,546
206,589
206,611
206,614
206,636
206,653
206,658
206,664
206,678
206,690
206,705
206,752
206,782
206,785
206,815
206,836
206,841
206,842
206,852
206,873
206,892
206,907
206,914
206,951
206,965
206,987
207,242
207,245
207,312
207,326
207,340
207,344
207,350
207,362
207,364
207,376
207,379
207,448
207,464
207,476
207,478
207,481
207,483
207,497
207,538
207,540
207,548
207,568
207,594
207,604
207,624
207,630
207,635
207,753
207,756
207,759
207,772
207,840
207,884
207,895
207,896
207,962
208,209
208,219
208,222
208,223
208,229
208,280
208,305
208,312
208,337
208,344
208,345
208,350
208,419
208,453
208,458
208,481
208,483
208,498
208,504
208,517
208,559
208,573
208,603
208,604
208,612
208,615
208,624
208,627
208,629
208,648
208,665
208,673
208,674
208,698
208,707
208,719
208,722
208,730
208,732
208,750
208,759
208,780
208,784
208,786
208,793
208,797
208,835
208,845
208,856
208,877
208,879
208,883
208,884
208,885
208,891
208,896
208,909
208,924
208,926
208,935
208,939
208,960
208,990
208,996
209,286
209,303
209,312
209,317
209,325
209,349
209,448
209,483
209,494
209,538
209,549
209,566
209,590
209,598
209,604
209,611
209,620
209,630
209,635
209,691
209,703
209,719
209,732
209,750
209,788
209,793
209,806
209,840
209,917
209,934
209,958
209,967
209,979
210,259
210,283
210,292
210,317
210,323
210,352
210,357
210,379
210,388
210,391
210,393
210,418
210,434
210,435
210,466
210,473
210,499
210,510
210,534
210,546
210,569
210,589
210,614
210,626
210,632
210,646
210,647
210,658
210,690
210,739
210,782
210,785
210,799
210,815
210,816
210,820
210,858
210,873
210,907
210,914
210,947
210,989
211,213
211,244
211,247
211,274
211,284
211,309
211,339
211,342
211,365
211,369
211,444
211,456
211,468
211,477
211,504
211,517
211,529
211,563
211,580
211,610
211,643
211,648
211,652
211,655
211,657
211,662
211,677
211,680
211,707
211,753
211,777
211,805
211,849
211,860
211,871
211,880
211,894
211,950
211,975
212,226
212,228
212,233
212,235
212,252
212,264
212,288
212,297
212,334
212,351
212,354
212,355
212,382
212,384
212,393
212,416
212,426
212,442
212,446
212,458
212,475
212,476
212,503
212,512
212,530
212,548
212,552
212,579
212,608
212,615
212,629
212,646
212,673
212,689
212,695
212,696
212,709
212,711
212,740
212,754
212,767
212,780
212,786
212,794
212,823
212,843
212,875
212,907
212,925
212,926
212,927
212,947
212,957
212,983
212,985
213,214
213,341
213,346
213,376
213,400
213,460
213,487
213,518
213,526
213,586
213,595
213,654
213,657
213,668
213,670
213,682
213,684
213,694
213,702
213,775
213,776
213,794
213,824
213,839
213,890
213,894
213,977
213,997
214,242
214,243
214,265
214,267
214,276
214,278
214,329
214,330
214,342
214,348
214,401
214,435
214,440
214,455
214,463
214,487
214,529
214,551
214,580
214,591
214,638
214,642
214,649
214,682
214,684
214,691
214,699
214,749
214,771
214,776
214,787
214,789
214,794
214,808
214,866
214,886
214,894
214,906
214,917
214,935
214,993
214,997
215,227
215,228
215,287
215,306
215,325
215,347
215,353
215,373
215,407
215,424
215,476
215,506
215,547
215,587
215,605
215,621
215,627
215,629
215,651
215,669
215,673
215,689
215,738
215,740
215,759
215,813
215,814
215,830
215,911
215,996
216,279
216,316
216,320
216,349
216,362
216,387
216,444
216,459
216,472
216,510
216,580
216,581
216,647
216,649
216,659
216,662
216,671
216,677
216,700
216,720
216,753
216,778
216,801
216,807
216,816
216,840
216,855
216,876
216,932
216,950
216,984
217,255
217,275
217,359
217,371
217,375
217,380
217,456
217,471
217,478
217,500
217,531
217,536
217,668
217,682
217,697
217,710
217,723
217,728
217,792
217,809
217,867
217,870
217,900
217,907
217,924
217,946
218,304
218,339
218,374
218,380
218,381
218,393
218,445
218,460
218,490
218,514
218,515
218,556
218,587
218,592
218,613
218,641
218,677
218,724
218,735
218,741
218,754
218,851
218,874
218,899
218,911
219,278
219,313
219,323
219,361
219,396
219,406
219,571
219,575
219,596
219,603
219,673
219,680
219,742
219,759
219,804
219,854
219,860
219,883
219,893
219,921
219,948
219,995
220,238
220,239
220,249
220,274
220,283
220,292
220,311
220,314
220,346
220,351
220,359
220,367
220,375
220,404
220,408
220,424
220,447
220,449
220,456
220,492
220,500
220,508
220,515
220,520
220,522
220,531
220,542
220,572
220,574
220,583
220,602
220,607
220,637
220,670
220,694
220,713
220,720
220,737
220,769
220,773
220,801
220,807
220,828
220,865
220,868
220,878
220,898
220,924
220,944
220,977
221,228
221,254
221,256
221,318
221,352
221,395
221,427
221,446
221,475
221,611
221,619
221,636
221,752
221,782
221,821
221,951
222,224
222,281
222,290
222,337
222,344
222,375
222,403
222,416
222,419
222,464
222,502
222,514
222,538
222,543
222,592
222,593
222,621
222,643
222,673
222,693
222,695
222,707
222,732
222,750
222,753
222,759
222,793
222,847
222,877
222,905
222,926
222,960
222,976
222,992
223,286
223,312
223,344
223,353
223,362
223,364
223,376
223,414
223,442
223,448
223,478
223,488
223,494
223,538
223,610
223,630
223,635
223,669
223,675
223,685
223,703
223,719
223,725
223,772
223,784
223,786
223,806
223,809
223,840
223,872
223,885
223,890
223,895
223,896
223,908
223,962
223,966
223,969
224,245
224,271
224,281
224,399
224,473
224,484
224,485
224,495
224,506
224,514
224,545
224,599
224,643
224,682
224,731
224,732
224,862
224,983
225,273
225,365
225,432
225,477
225,580
225,586
225,643
225,652
225,655
225,660
225,661
225,680
225,750
225,753
225,835
225,847
225,850
225,862
225,864
225,885
225,972
226,233
226,262
226,266
226,293
226,297
226,331
226,345
226,352
226,357
226,384
226,396
226,411
226,440
226,523
226,524
226,528
226,543
226,545
226,548
226,572
226,574
226,582
226,609
226,641
226,649
226,666
226,674
226,708
226,709
226,752
226,754
226,782
226,784
226,787
226,806
226,821
226,828
226,872
226,874
226,904
226,905
226,921
226,980
227,240
227,252
227,256
227,257
227,261
227,264
227,266
227,287
227,303
227,306
227,315
227,325
227,334
227,338
227,355
227,356
227,373
227,407
227,411
227,415
227,428
227,436
227,446
227,469
227,470
227,483
227,488
227,503
227,506
227,511
227,512
227,519
227,535
227,579
227,608
227,620
227,621
227,622
227,636
227,659
227,666
227,667
227,675
227,711
227,731
227,756
227,798
227,828
227,864
227,866
227,888
227,911
227,926
227,934
227,956
227,983
227,996
228,235
228,236
228,256
228,293
228,316
228,321
228,355
228,357
228,388
228,415
228,416
228,503
228,519
228,524
228,528
228,530
228,538
228,548
228,583
228,597
228,608
228,663
228,707
228,740
228,767
228,794
228,799
228,820
228,821
228,822
228,823
228,827
228,834
228,843
228,874
228,911
228,926
228,983
228,985
229,269
229,284
229,345
229,353
229,403
229,527
229,550
229,610
229,625
229,672
229,703
229,725
229,726
229,763
229,778
229,786
229,862
229,878
229,952
229,964
230,236
230,237
230,256
230,283
230,319
230,331
230,352
230,388
230,393
230,512
230,582
230,605
230,607
230,614
230,632
230,636
230,707
230,709
230,714
230,722
230,752
230,785
230,843
230,884
230,909
230,929
230,979
230,987
230,991
230,993
231,252
231,297
231,304
231,305
231,306
231,315
231,321
231,350
231,356
231,378
231,432
231,458
231,470
231,478
231,507
231,529
231,535
231,559
231,579
231,597
231,610
231,615
231,621
231,636
231,650
231,652
231,667
231,695
231,707
231,717
231,719
231,788
231,791
231,794
231,822
231,855
231,884
231,886
231,887
231,958
231,965
232,259
232,317
232,351
232,359
232,391
232,394
232,408
232,418
232,421
232,443
232,447
232,456
232,473
232,534
232,577
232,589
232,611
232,632
232,679
232,779
232,792
232,804
232,815
232,820
232,825
232,837
232,839
232,857
232,894
232,902
232,919
232,940
232,947
232,948
233,235
233,262
233,301
233,323
233,331
233,338
233,347
233,363
233,374
233,431
233,440
233,486
233,512
233,524
233,546
233,574
233,619
233,636
233,723
233,747
233,769
233,812
233,828
233,836
233,874
233,877
233,902
233,905
233,939
233,980
233,987
234,244
234,310
234,351
234,354
234,360
234,424
234,445
234,515
234,525
234,592
234,613
234,636
234,764
234,768
234,773
234,781
234,816
234,827
234,847
234,886
234,893
234,900
234,994
234,998
235,240
235,266
235,288
235,304
235,334
235,350
235,355
235,366
235,373
235,375
235,416
235,428
235,439
235,442
235,478
235,503
235,538
235,544
235,571
235,593
235,597
235,605
235,624
235,666
235,670
235,685
235,689
235,712
235,719
235,738
235,751
235,756
235,767
235,775
235,817
235,823
235,834
235,843
235,854
235,872
235,875
235,888
235,893
235,925
235,939
235,957
235,971
235,979
235,985
235,996
236,237
236,240
236,242
236,253
236,299
236,323
236,343
236,346
236,356
236,357
236,372
236,377
236,380
236,411
236,460
236,504
236,548
236,569
236,572
236,589
236,608
236,632
236,633
236,651
236,669
236,673
236,708
236,735
236,746
236,777
236,812
236,821
236,836
236,875
236,905
236,912
236,926
236,929
236,938
236,949
236,979
236,985
237,256
237,258
237,292
237,325
237,331
237,357
237,377
237,524
237,546
237,561
237,572
237,577
237,609
237,636
237,645
237,693
237,743
237,754
237,757
237,782
237,787
237,821
237,869
237,916
237,929
237,939
237,946
237,980
237,987
237,991
237,999
238,239
238,270
238,295
238,303
238,332
238,352
238,367
238,372
238,383
238,390
238,391
238,394
238,418
238,443
238,449
238,451
238,493
238,500
238,511
238,513
238,533
238,554
238,561
238,589
238,596
238,607
238,615
238,634
238,638
238,658
238,678
238,679
238,751
238,766
238,771
238,774
238,779
238,799
238,801
238,807
238,822
238,845
238,848
238,857
238,858
238,860
238,890
238,892
238,917
238,957
238,973
238,992
238,999
239,270
239,283
239,284
239,295
239,304
239,310
239,314
239,338
239,351
239,352
239,371
239,404
239,423
239,447
239,449
239,454
239,496
239,508
239,515
239,520
239,525
239,531
239,533
239,542
239,554
239,569
239,574
239,584
239,607
239,611
239,613
239,628
239,631
239,637
239,641
239,659
239,678
239,694
239,713
239,716
239,720
239,742
239,761
239,773
239,779
239,824
239,844
239,848
239,857
239,872
239,876
239,879
239,919
239,944
239,968
240,252
240,262
240,287
240,288
240,293
240,327
240,357
240,377
240,378
240,384
240,405
240,416
240,440
240,460
240,469
240,473
240,512
240,519
240,530
240,548
240,572
240,574
240,608
240,633
240,651
240,656
240,666
240,673
240,685
240,708
240,714
240,722
240,740
240,742
240,754
240,774
240,812
240,822
240,827
240,828
240,834
240,852
240,854
240,860
240,867
240,872
240,926
240,948
240,971
240,979
240,980
241,359
241,408
241,417
241,558
241,602
241,603
241,668
241,676
241,735
241,763
241,773
241,871
241,922
241,942
241,946
241,962
241,998
242,243
242,260
242,304
242,343
242,358
242,393
242,401
242,429
242,468
242,474
242,515
242,521
242,529
242,551
242,555
242,580
242,586
242,623
242,642
242,649
242,657
242,692
242,731
242,739
242,749
242,751
242,763
242,788
242,820
242,835
242,906
242,907
242,917
242,935
242,954
242,962
242,967
242,975
242,993
243,249
243,267
243,276
243,277
243,306
243,330
243,342
243,386
243,401
243,427
243,431
243,459
243,492
243,505
243,507
243,529
243,592
243,628
243,642
243,649
243,666
243,684
243,749
243,751
243,753
243,760
243,809
243,835
243,847
243,879
243,894
243,906
243,907
243,917
243,935
243,950
243,971
244,278
244,282
244,285
244,358
244,359
244,375
244,381
244,472
244,495
244,497
244,532
244,563
244,567
244,580
244,585
244,600
244,606
244,613
244,627
244,642
244,643
244,652
244,662
244,680
244,700
244,760
244,777
244,847
244,849
244,850
244,856
244,864
244,884
244,891
245,271
245,296
245,320
245,358
245,399
245,409
245,482
245,485
245,495
245,505
245,540
245,600
245,643
245,715
245,726
245,731
245,746
245,825
245,862
245,918
245,927
245,937
245,945
246,302
246,369
246,386
246,410
246,413
246,418
246,450
246,481
246,524
246,601
246,624
246,636
246,651
246,689
246,696
246,707
246,709
246,718
246,730
246,781
246,784
246,788
246,804
246,859
246,875
246,883
246,884
246,893
246,907
246,908
246,943
246,995
247,251
247,264
247,274
247,279
247,294
247,309
247,320
247,365
247,369
247,467
247,477
247,479
247,517
247,648
247,652
247,654
247,655
247,680
247,692
247,706
247,741
247,777
247,849
247,924
247,932
247,970
247,975
248,257
248,258
248,281
248,282
248,296
248,301
248,303
248,310
248,312
248,379
248,426
248,465
248,504
248,510
248,553
248,594
248,599
248,626
248,627
248,635
248,644
248,662
248,669
248,674
248,678
248,700
248,738
248,755
248,769
248,773
248,793
248,796
248,797
248,832
248,840
248,846
248,869
248,878
248,879
248,882
248,883
248,934
248,945
248,962
248,984
248,987
249,262
249,316
249,330
249,494
249,529
249,591
249,642
249,662
249,677
249,753
249,777
249,778
249,781
249,809
249,835
249,898
249,964
249,970
250,279
250,286
250,301
250,309
250,336
250,348
250,353
250,358
250,385
250,413
250,420
250,424
250,432
250,444
250,448
250,452
250,505
250,510
250,521
250,537
250,541
250,557
250,562
250,568
250,590
250,594
250,612
250,616
250,648
250,668
250,672
250,685
250,695
250,698
250,704
250,750
250,784
250,806
250,812
250,833
250,849
250,862
250,876
250,885
250,891
250,908
250,918
250,920
250,955
250,985
250,986
251,260
251,265
251,281
251,282
251,361
251,362
251,397
251,414
251,425
251,440
251,462
251,464
251,552
251,561
251,565
251,574
251,617
251,637
251,639
251,641
251,661
251,684
251,743
251,800
251,844
251,868
251,907
251,967
252,261
252,268
252,291
252,299
252,302
252,354
252,355
252,356
252,357
252,415
252,436
252,476
252,503
252,512
252,524
252,552
252,571
252,615
252,616
252,633
252,663
252,740
252,742
252,744
252,756
252,798
252,813
252,843
252,865
252,875
252,888
252,971
252,979
252,990
253,262
253,304
253,305
253,341
253,378
253,384
253,388
253,441
253,486
253,523
253,609
253,615
253,633
253,708
253,745
253,767
253,780
253,827
253,867
253,901
253,948
253,949
253,990
253,995
254,259
254,292
254,310
254,317
254,324
254,391
254,395
254,437
254,449
254,463
254,475
254,489
254,513
254,577
254,589
254,640
254,729
254,752
254,799
254,826
254,900
254,920
254,928
254,936
254,957
255,324
255,368
255,387
255,401
255,427
255,457
255,507
255,543
255,587
255,628
255,692
255,706
255,726
255,748
255,768
255,773
255,776
255,845
255,853
255,886
255,924
255,958
256,262
256,270
256,293
256,304
256,331
256,363
256,377
256,378
256,388
256,393
256,394
256,395
256,405
256,450
256,451
256,475
256,524
256,562
256,582
256,589
256,592
256,609
256,611
256,636
256,658
256,663
256,666
256,743
256,752
256,754
256,766
256,782
256,795
256,799
256,821
256,822
256,837
256,860
256,874
256,905
256,929
256,978
256,989
256,991
256,996
257,288
257,289
257,291
257,305
257,314
257,334
257,348
257,367
257,416
257,428
257,468
257,476
257,490
257,494
257,502
257,513
257,547
257,582
257,605
257,623
257,651
257,652
257,689
257,709
257,711
257,712
257,716
257,788
257,823
257,831
257,834
257,854
257,893
257,911
257,916
257,917
257,948
257,979
257,995
258,294
258,315
258,316
258,320
258,326
258,336
258,345
258,385
258,448
258,452
258,453
258,491
258,521
258,540
258,541
258,546
258,549
258,557
258,558
258,560
258,567
258,575
258,581
258,610
258,625
258,635
258,638
258,675
258,680
258,701
258,727
258,784
258,813
258,847
258,863
258,878
258,879
258,885
258,891
258,903
258,910
258,920
258,932
258,952
258,974
259,278
259,317
259,318
259,321
259,405
259,443
259,489
259,499
259,589
259,603
259,614
259,658
259,682
259,815
259,820
259,892
259,914
259,947
260,272
260,310
260,339
260,341
260,368
260,424
260,435
260,472
260,520
260,525
260,536
260,573
260,580
260,587
260,591
260,613
260,615
260,623
260,624
260,651
260,681
260,683
260,691
260,699
260,735
260,754
260,768
260,778
260,801
260,819
260,835
260,836
260,848
260,850
260,859
260,868
260,882
260,909
260,967
260,976
260,997
261,287
261,355
261,512
261,552
261,658
261,759
261,817
261,827
261,887
261,896
261,926
261,983
261,992
262,270
262,318
262,323
262,324
262,331
262,347
262,377
262,378
262,384
262,406
262,416
262,442
262,488
262,524
262,528
262,530
262,548
262,571
262,572
262,580
262,633
262,663
262,673
262,691
262,733
262,734
262,766
262,782
262,791
262,792
262,821
262,822
262,828
262,860
262,872
262,874
262,881
262,905
262,921
262,924
262,936
262,938
262,983
263,277
263,308
263,320
263,358
263,399
263,412
263,479
263,482
263,495
263,550
263,565
263,577
263,647
263,698
263,704
263,726
263,731
263,744
263,799
263,918
263,932
263,950
264,274
264,435
264,471
264,472
264,490
264,536
264,567
264,573
264,585
264,668
264,684
264,694
264,715
264,765
264,777
264,778
264,793
264,847
264,876
264,900
264,918
264,927
264,958
265,276
265,281
265,339
265,392
265,398
265,424
265,433
265,435
265,447
265,454
265,460
265,474
265,479
265,520
265,526
265,543
265,556
265,596
265,604
265,610
265,639
265,660
265,720
265,723
265,727
265,809
265,839
265,898
265,913
265,958
265,966
265,998
266,276
266,282
266,298
266,305
266,347
266,368
266,372
266,375
266,390
266,417
266,443
266,449
266,456
266,480
266,493
266,514
266,522
266,554
266,556
266,566
266,596
266,634
266,691
266,713
266,729
266,731
266,750
266,773
266,807
266,837
266,848
266,938
266,946
266,968
267,276
267,329
267,330
267,339
267,342
267,351
267,370
267,438
267,474
267,492
267,495
267,516
267,520
267,554
267,574
267,581
267,585
267,586
267,591
267,642
267,657
267,675
267,692
267,722
267,749
267,775
267,779
267,789
267,879
267,894
267,935
267,993
268,277
268,326
268,362
268,379
268,397
268,468
268,483
268,593
268,598
268,630
268,645
268,652
268,693
268,829
268,832
268,896
268,903
268,981
268,990
269,281
269,301
269,329
269,357
269,382
269,453
269,465
269,467
269,509
269,527
269,545
269,550
269,571
269,582
269,599
269,635
269,636
269,674
269,691
269,693
269,696
269,738
269,772
269,789
269,791
269,798
269,832
269,902
269,921
269,953
269,960
269,987
270,317
270,327
270,352
270,367
270,393
270,475
270,489
270,528
270,534
270,562
270,589
270,607
270,754
270,761
270,764
270,782
270,785
270,796
270,827
270,828
270,846
270,860
270,873
270,886
270,892
270,904
270,914
270,965
270,999
271,285
271,320
271,345
271,385
271,389
271,483
271,487
271,495
271,498
271,507
271,518
271,540
271,542
271,549
271,560
271,567
271,610
271,638
271,643
271,675
271,704
271,725
271,731
271,778
271,862
271,902
271,915
271,920
271,962
271,964
271,973
271,981
272,273
272,327
272,338
272,386
272,612
272,668
272,713
272,905
272,946
273,310
273,320
273,329
273,335
273,339
273,341
273,346
273,360
273,367
273,414
273,422
273,427
273,435
273,459
273,487
273,495
273,520
273,526
273,551
273,584
273,613
273,615
273,617
273,670
273,682
273,694
273,715
273,720
273,723
273,739
273,751
273,790
273,801
273,811
273,829
273,881
273,898
273,900
273,913
273,924
273,954
273,997
274,284
274,343
274,369
274,477
274,573
274,580
274,581
274,585
274,600
274,606
274,642
274,643
274,655
274,656
274,677
274,680
274,699
274,706
274,723
274,733
274,753
274,760
274,805
274,819
274,849
274,886
274,930
274,970
274,975
274,980
275,339
275,349
275,351
275,380
275,398
275,404
275,424
275,427
275,463
275,493
275,500
275,536
275,569
275,578
275,602
275,637
275,668
275,688
275,720
275,737
275,771
275,773
275,781
275,839
275,865
275,918
275,924
276,335
276,341
276,342
276,358
276,363
276,368
276,370
276,375
276,387
276,468
276,472
276,477
276,487
276,508
276,516
276,518
276,521
276,524
276,528
276,561
276,580
276,585
276,594
276,602
276,606
276,654
276,670
276,671
276,679
276,684
276,692
276,713
276,722
276,762
276,765
276,805
276,825
276,835
276,849
276,886
276,906
276,917
276,945
276,962
276,966
276,993
277,294
277,295
277,316
277,341
277,346
277,351
277,371
277,392
277,404
277,412
277,431
277,454
277,496
277,500
277,526
277,537
277,542
277,569
277,578
277,584
277,641
277,677
277,682
277,688
277,694
277,702
277,720
277,769
277,790
277,801
277,802
277,831
277,848
277,878
277,899
277,928
277,954
277,972
277,986
278,282
278,344
278,375
278,402
278,403
278,443
278,444
278,471
278,532
278,551
278,563
278,580
278,627
278,647
278,650
278,652
278,655
278,671
278,725
278,728
278,731
278,736
278,753
278,762
278,763
278,797
278,818
278,850
278,876
278,880
278,881
278,891
278,902
278,909
278,932
278,970
279,355
279,358
279,495
279,498
279,510
279,521
279,554
279,556
279,567
279,572
279,586
279,610
279,638
279,640
279,643
279,654
279,675
279,698
279,704
279,753
279,778
279,827
279,833
279,876
279,918
279,927
279,945
279,964
279,996
280,298
280,403
280,448
280,483
280,491
280,497
280,505
280,719
280,791
280,796
280,863
280,876
280,878
280,879
280,883
280,937
280,962
281,296
281,308
281,397
281,404
281,462
281,480
281,527
281,661
281,686
281,687
281,742
281,755
281,838
281,867
281,872
281,879
281,899
281,961
281,967
281,968
282,289
282,296
282,336
282,412
282,450
282,515
282,587
282,592
282,629
282,646
282,699
282,703
282,728
282,750
282,755
282,797
282,806
282,808
282,831
282,832
282,861
282,863
282,864
282,869
282,903
282,915
282,929
282,930
282,934
282,945
283,295
283,321
283,338
283,340
283,349
283,371
283,395
283,496
283,531
283,533
283,554
283,571
283,574
283,576
283,602
283,613
283,678
283,761
283,768
283,773
283,779
283,795
283,807
283,841
283,866
283,900
283,940
283,941
283,952
283,978
283,996
283,999
284,300
284,320
284,369
284,401
284,433
284,450
284,458
284,472
284,477
284,485
284,498
284,563
284,580
284,581
284,625
284,637
284,640
284,642
284,649
284,654
284,670
284,726
284,733
284,736
284,760
284,805
284,807
284,818
284,832
284,844
284,847
284,849
284,850
284,909
284,932
284,945
285,358
285,455
285,477
285,479
285,498
285,567
285,639
285,649
285,660
285,712
285,744
285,762
285,771
285,778
285,781
285,810
285,880
285,927
285,964
285,974
286,293
286,336
286,385
286,403
286,420
286,445
286,453
286,485
286,505
286,510
286,521
286,537
286,541
286,544
286,590
286,616
286,627
286,643
286,646
286,647
286,685
286,725
286,727
286,731
286,772
286,784
286,796
286,806
286,833
286,878
286,885
286,894
286,895
286,925
286,969
286,982
286,994
287,297
287,306
287,315
287,325
287,356
287,407
287,415
287,416
287,432
287,436
287,458
287,464
287,470
287,476
287,503
287,547
287,552
287,582
287,588
287,593
287,630
287,650
287,666
287,683
287,711
287,738
287,756
287,759
287,814
287,817
287,834
287,858
287,875
287,887
287,889
287,976
287,992
287,996
288,334
288,354
288,416
288,428
288,503
288,512
288,530
288,559
288,563
288,597
288,605
288,624
288,712
288,756
288,767
288,834
288,843
288,867
288,888
289,308
289,387
289,397
289,484
289,527
289,543
289,556
289,605
289,648
289,661
289,693
289,710
289,735
289,821
289,838
289,953
289,961
289,967
290,340
290,390
290,425
290,524
290,553
290,557
290,594
290,707
290,713
290,758
290,812
290,868
290,869
290,903
290,914
290,930
290,932
290,961
290,994
291,305
291,311
291,334
291,351
291,354
291,355
291,428
291,442
291,476
291,502
291,513
291,544
291,605
291,673
291,674
291,730
291,754
291,788
291,814
291,888
291,925
291,979
292,310
292,318
292,328
292,391
292,394
292,414
292,473
292,513
292,534
292,548
292,589
292,632
292,664
292,679
292,752
292,779
292,791
292,811
292,820
292,848
292,873
292,919
292,927
292,936
292,948
292,951
292,965
292,978
292,980
293,323
293,366
293,372
293,384
293,388
293,411
293,440
293,472
293,530
293,548
293,552
293,562
293,572
293,574
293,587
293,605
293,609
293,627
293,636
293,637
293,663
293,665
293,705
293,716
293,740
293,754
293,774
293,787
293,822
293,827
293,828
293,854
293,858
293,969
293,971
293,976
293,980
293,985
293,991
294,398
294,424
294,454
294,496
294,506
294,536
294,542
294,584
294,602
294,628
294,632
294,668
294,688
294,713
294,801
294,865
294,928
294,950
295,311
295,319
295,338
295,357
295,367
295,377
295,378
295,394
295,404
295,418
295,449
295,451
295,473
295,492
295,513
295,533
295,547
295,549
295,554
295,562
295,589
295,609
295,664
295,675
295,678
295,697
295,705
295,734
295,761
295,799
295,829
295,844
295,858
295,890
295,894
295,909
295,915
295,919
295,940
295,942
295,965
295,978
295,980
296,300
296,301
296,303
296,304
296,308
296,348
296,379
296,399
296,404
296,413
296,424
296,427
296,462
296,465
296,565
296,572
296,573
296,574
296,592
296,594
296,643
296,645
296,656
296,674
296,677
296,691
296,695
296,705
296,728
296,739
296,751
296,755
296,760
296,793
296,795
296,796
296,808
296,829
296,832
296,862
296,869
296,879
296,880
296,902
296,915
296,930
296,931
296,945
296,955
297,305
297,312
297,334
297,350
297,372
297,373
297,407
297,430
297,436
297,439
297,467
297,478
297,544
297,547
297,615
297,618
297,626
297,627
297,651
297,700
297,711
297,717
297,834
297,845
297,855
297,860
297,891
297,895
297,912
297,985
298,303
298,312
298,344
298,448
298,456
298,483
298,504
298,594
298,833
298,840
298,877
298,945
298,962
299,334
299,355
299,366
299,440
299,495
299,544
299,643
299,667
299,711
299,791
299,841
299,843
299,887
299,892
299,899
299,916
299,921
299,926
299,948
299,971
299,979
299,992
300,316
300,365
300,369
300,477
300,483
300,529
300,532
300,542
300,563
300,565
300,574
300,606
300,643
300,652
300,692
300,698
300,724
300,736
300,825
300,838
300,847
300,850
300,880
300,903
300,907
300,975
301,313
301,361
301,378
301,413
301,414
301,464
301,503
301,506
301,525
301,571
301,580
301,591
301,601
301,615
301,641
301,642
301,661
301,674
301,684
301,687
301,700
301,709
301,740
301,759
301,779
301,791
301,817
301,833
301,848
301,869
301,876
301,891
301,908
301,960
301,976
301,990
301,994
302,388
302,413
302,441
302,442
302,451
302,458
302,464
302,509
302,582
302,583
302,667
302,689
302,707
302,709
302,717
302,721
302,742
302,757
302,759
302,819
302,921
302,925
302,926
302,943
302,985
302,990
303,312
303,336
303,340
303,352
303,363
303,432
303,452
303,478
303,483
303,484
303,491
303,520
303,565
303,630
303,742
303,796
303,876
303,879
303,891
303,915
303,945
303,962
303,971
304,362
304,372
304,377
304,388
304,390
304,400
304,410
304,412
304,414
304,417
304,418
304,428
304,439
304,450
304,461
304,473
304,486
304,518
304,528
304,539
304,546
304,562
304,574
304,600
304,626
304,627
304,666
304,673
304,686
304,692
304,706
304,735
304,739
304,747
304,759
304,778
304,800
304,812
304,828
304,831
304,838
304,860
304,862
304,868
304,872
304,890
304,902
304,934
304,949
304,951
304,973
305,315
305,373
305,400
305,407
305,420
305,439
305,446
305,470
305,476
305,502
305,521
305,548
305,552
305,559
305,593
305,615
305,650
305,673
305,685
305,691
305,717
305,731
305,738
305,780
305,788
305,798
305,813
305,814
305,817
305,821
305,843
305,866
305,867
305,881
305,889
305,907
305,961
305,996
306,315
306,325
306,354
306,379
306,415
306,430
306,470
306,474
306,476
306,488
306,511
306,547
306,559
306,579
306,605
306,629
306,657
306,689
306,711
306,717
306,727
306,735
306,738
306,756
306,786
306,798
306,813
306,814
306,830
306,843
306,854
306,875
306,881
306,887
306,888
306,889
306,948
306,956
306,971
306,983
306,996
307,398
307,401
307,444
307,474
307,507
307,508
307,520
307,563
307,573
307,587
307,602
307,642
307,654
307,683
307,692
307,739
307,751
307,753
307,765
307,809
307,849
307,853
307,958
307,972
308,312
308,386
308,476
308,510
308,557
308,577
308,630
308,661
308,683
308,695
308,755
308,763
308,808
308,825
308,831
308,832
308,856
308,859
308,864
308,915
308,934
308,963
308,967
309,379
309,385
309,389
309,510
309,537
309,539
309,618
309,625
309,635
309,689
309,727
309,736
309,878
309,891
309,903
309,910
309,937
309,955
310,311
310,345
310,349
310,367
310,406
310,414
310,417
310,423
310,444
310,463
310,480
310,488
310,493
310,500
310,519
310,554
310,562
310,613
310,633
310,653
310,661
310,676
310,687
310,751
310,795
310,811
310,841
310,868
310,890
310,914
310,953
311,343
311,417
311,463
311,480
311,490
311,493
311,554
311,556
311,575
311,577
311,578
311,586
311,589
311,599
311,640
311,681
311,706
311,707
311,745
311,750
311,770
311,807
311,811
311,848
311,871
311,872
311,899
311,966
311,994
312,336
312,338
312,344
312,350
312,357
312,358
312,362
312,379
312,382
312,424
312,445
312,483
312,504
312,535
312,541
312,546
312,568
312,574
312,588
312,598
312,604
312,629
312,630
312,635
312,645
312,721
312,750
312,772
312,793
312,799
312,803
312,813
312,830
312,855
312,880
312,884
312,895
312,896
312,927
312,948
313,331
313,341
313,372
313,377
313,397
313,412
313,437
313,481
313,490
313,507
313,523
313,524
313,543
313,575
313,626
313,641
313,685
313,710
313,742
313,772
313,831
313,895
313,902
314,332
314,341
314,365
314,404
314,417
314,423
314,447
314,531
314,542
314,660
314,668
314,686
314,756
314,769
314,853
314,858
314,860
314,865
314,922
314,944
314,952
314,978
314,989
315,325
315,334
315,354
315,364
315,407
315,413
315,428
315,436
315,446
315,469
315,470
315,476
315,488
315,511
315,528
315,579
315,593
315,597
315,621
315,684
315,708
315,711
315,725
315,738
315,740
315,756
315,784
315,798
315,814
315,817
315,830
315,887
315,888
315,889
315,901
315,909
315,925
315,980
315,996
316,358
316,369
316,396
316,479
316,485
316,539
316,580
316,620
316,643
316,649
316,677
316,680
316,700
316,706
316,710
316,805
316,825
316,856
316,955
317,318
317,338
317,350
317,393
317,394
317,395
317,466
317,473
317,513
317,574
317,589
317,605
317,632
317,664
317,752
317,754
317,820
317,841
317,842
317,900
317,914
317,947
317,951
317,968
317,978
317,999
318,333
318,394
318,443
318,466
318,473
318,589
318,624
318,632
318,636
318,705
318,729
318,745
318,752
318,766
318,774
318,779
318,782
318,820
318,842
318,904
318,951
318,965
318,973
318,989
319,331
319,338
319,395
319,449
319,473
319,493
319,534
319,572
319,586
319,634
319,664
319,697
319,729
319,779
319,792
319,940
319,999
320,342
320,345
320,363
320,382
320,409
320,451
320,485
320,498
320,501
320,521
320,565
320,567
320,605
320,643
320,652
320,698
320,700
320,726
320,731
320,759
320,763
320,854
320,856
320,869
320,918
320,927
320,937
320,994
321,383
321,386
321,395
321,414
321,434
321,447
321,489
321,493
321,596
321,619
321,664
321,676
321,692
321,774
321,779
321,841
321,846
321,940
321,941
321,978
321,999
322,348
322,409
322,495
322,504
322,510
322,557
322,601
322,610
322,721
322,727
322,731
322,863
322,882
322,903
322,952
323,324
323,331
323,358
323,378
323,384
323,460
323,530
323,543
323,572
323,579
323,609
323,663
323,714
323,735
323,742
323,764
323,787
323,831
323,860
323,881
323,905
323,991
324,327
324,330
324,358
324,424
324,427
324,450
324,465
324,468
324,490
324,525
324,556
324,587
324,639
324,640
324,655
324,656
324,683
324,691
324,710
324,742
324,744
324,798
324,867
324,868
324,872
324,953
324,958
325,334
325,344
325,354
325,355
325,382
325,396
325,405
325,407
325,415
325,416
325,430
325,439
325,446
325,476
325,502
325,503
325,511
325,514
325,518
325,547
325,552
325,579
325,591
325,593
325,618
325,620
325,621
325,622
325,627
325,700
325,703
325,711
325,735
325,738
325,756
325,764
325,793
325,798
325,813
325,822
325,830
325,855
325,860
325,866
325,875
325,883
325,887
325,925
325,934
325,990
325,996
326,362
326,379
326,432
326,448
326,478
326,483
326,497
326,535
326,568
326,684
326,719
326,746
326,750
326,759
326,786
326,869
326,884
326,896
327,340
327,479
327,507
327,508
327,525
327,527
327,536
327,537
327,556
327,560
327,573
327,684
327,699
327,710
327,781
327,819
327,907
327,976
328,577
328,664
328,729
328,733
328,734
328,787
329,330
329,335
329,342
329,363
329,429
329,435
329,459
329,468
329,481
329,514
329,516
329,551
329,560
329,576
329,578
329,580
329,586
329,587
329,591
329,595
329,642
329,654
329,655
329,659
329,665
329,684
329,700
329,703
329,722
329,748
329,760
329,775
329,776
329,789
329,811
329,849
329,881
329,894
329,906
329,917
329,935
329,940
329,950
329,972
329,993
329,997
329,999
330,342
330,551
330,659
330,660
330,749
330,768
330,789
330,819
330,894
330,972
331,357
331,377
331,388
331,391
331,410
331,451
331,524
331,528
331,532
331,572
331,583
331,608
331,652
331,673
331,706
331,757
331,776
331,821
331,836
331,842
331,902
331,903
331,905
331,979
331,980
332,333
332,352
332,386
332,390
332,395
332,416
332,443
332,451
332,493
332,513
332,524
332,646
332,679
332,705
332,734
332,783
332,799
332,817
332,848
332,857
332,858
332,860
332,861
332,862
332,890
332,941
333,347
333,352
333,381
333,383
333,395
333,418
333,421
333,443
333,451
333,471
333,502
333,513
333,658
333,679
333,688
333,690
333,733
333,734
333,745
333,754
333,807
333,829
333,837
334,337
334,354
334,373
334,382
334,411
334,415
334,416
334,442
334,469
334,470
334,473
334,488
334,503
334,511
334,555
334,559
334,579
334,582
334,583
334,597
334,605
334,611
334,612
334,615
334,636
334,638
334,678
334,688
334,689
334,711
334,712
334,730
334,750
334,767
334,788
334,813
334,817
334,823
334,834
334,843
334,845
334,854
334,872
334,875
334,883
334,888
334,901
334,926
334,956
334,964
334,971
334,979
334,985
334,990
334,996
335,338
335,342
335,363
335,422
335,427
335,435
335,457
335,459
335,460
335,471
335,477
335,487
335,492
335,511
335,518
335,543
335,545
335,573
335,576
335,581
335,587
335,591
335,653
335,659
335,660
335,677
335,678
335,682
335,683
335,684
335,692
335,723
335,727
335,775
335,784
335,789
335,805
335,818
335,829
335,849
335,906
335,909
335,922
335,932
335,935
335,950
335,954
335,977
335,990
335,993
335,997
336,345
336,353
336,356
336,367
336,380
336,400
336,403
336,420
336,432
336,482
336,498
336,507
336,517
336,520
336,554
336,557
336,565
336,570
336,599
336,627
336,660
336,685
336,698
336,721
336,725
336,771
336,773
336,778
336,806
336,826
336,828
336,833
336,840
336,850
336,877
336,878
336,879
336,882
336,891
336,895
336,933
336,937
336,952
336,955
336,962
336,964
336,994
337,339
337,344
337,345
337,348
337,353
337,362
337,379
337,381
337,402
337,419
337,430
337,448
337,464
337,471
337,483
337,495
337,506
337,514
337,538
337,558
337,561
337,588
337,598
337,604
337,621
337,627
337,630
337,651
337,662
337,667
337,695
337,696
337,707
337,709
337,714
337,731
337,732
337,738
337,746
337,751
337,759
337,761
337,784
337,793
337,804
337,813
337,864
337,878
337,884
337,893
337,912
337,927
337,932
337,937
337,960
337,986
337,990
338,343
338,351
338,371
338,374
338,398
338,404
338,493
338,533
338,554
338,564
338,576
338,589
338,603
338,607
338,611
338,634
338,667
338,678
338,690
338,691
338,697
338,726
338,734
338,760
338,761
338,766
338,777
338,837
338,842
338,848
338,852
338,871
338,917
338,918
338,940
338,942
338,953
338,986
338,989
338,999
339,341
339,392
339,398
339,404
339,407
339,411
339,424
339,427
339,433
339,435
339,471
339,478
339,508
339,516
339,520
339,526
339,536
339,578
339,584
339,586
339,591
339,623
339,683
339,687
339,720
339,726
339,735
339,739
339,750
339,751
339,765
339,801
339,816
339,819
339,843
339,864
339,865
339,873
339,958
339,998
340,397
340,435
340,462
340,465
340,467
340,481
340,514
340,536
340,545
340,547
340,565
340,606
340,652
340,654
340,661
340,686
340,687
340,740
340,751
340,753
340,763
340,797
340,799
340,804
340,811
340,818
340,821
340,838
340,867
340,869
340,899
340,967
340,981
340,997
341,346
341,352
341,371
341,422
341,496
341,505
341,508
341,526
341,542
341,573
341,578
341,581
341,584
341,586
341,589
341,628
341,641
341,649
341,657
341,660
341,662
341,668
341,670
341,681
341,682
341,684
341,688
341,694
341,697
341,699
341,706
341,713
341,720
341,723
341,734
341,737
341,750
341,761
341,777
341,829
341,848
341,865
341,888
341,898
341,924
341,927
341,944
341,946
341,954
341,975
341,990
341,997
341,999
342,358
342,401
342,415
342,447
342,468
342,532
342,543
342,551
342,580
342,585
342,653
342,659
342,684
342,698
342,702
342,722
342,749
342,751
342,771
342,777
342,781
342,789
342,868
342,881
342,894
342,906
342,935
342,993
343,417
343,450
343,463
343,480
343,525
343,534
343,587
343,590
343,724
343,811
343,875
343,920
343,947
343,948
343,973
343,993
344,364
344,469
344,480
344,483
344,491
344,517
344,538
344,598
344,604
344,630
344,635
344,639
344,669
344,693
344,696
344,750
344,793
344,803
344,845
344,885
344,896
344,901
345,353
345,376
345,385
345,403
345,482
345,483
345,495
345,498
345,506
345,510
345,521
345,532
345,537
345,539
345,541
345,549
345,560
345,563
345,568
345,570
345,594
345,600
345,603
345,610
345,613
345,625
345,627
345,638
345,643
345,650
345,672
345,675
345,698
345,704
345,725
345,727
345,787
345,795
345,813
345,826
345,833
345,840
345,861
345,878
345,886
345,910
345,917
345,920
345,927
345,952
345,953
345,964
345,967
346,427
346,431
346,454
346,462
346,508
346,516
346,536
346,542
346,584
346,585
346,607
346,628
346,641
346,653
346,682
346,688
346,694
346,881
346,898
346,922
346,928
346,966
347,362
347,374
347,377
347,383
347,384
347,413
347,437
347,441
347,454
347,460
347,480
347,501
347,524
347,533
347,542
347,566
347,572
347,609
347,633
347,745
347,747
347,836
347,844
347,852
347,868
347,872
347,905
347,980
347,995
347,999
348,385
348,400
348,432
348,483
348,484
348,491
348,504
348,505
348,514
348,545
348,549
348,557
348,568
348,580
348,627
348,647
348,661
348,671
348,672
348,675
348,677
348,680
348,725
348,727
348,778
348,832
348,840
348,882
348,937
348,952
348,967
349,352
349,359
349,367
349,386
349,390
349,393
349,394
349,412
349,414
349,417
349,418
349,427
349,436
349,451
349,463
349,478
349,482
349,487
349,495
349,507
349,551
349,554
349,563
349,574
349,575
349,589
349,592
349,596
349,613
349,623
349,647
349,658
349,679
349,682
349,686
349,697
349,733
349,734
349,782
349,792
349,807
349,811
349,828
349,838
349,839
349,848
349,857
349,863
349,871
349,890
349,897
349,941
350,364
350,382
350,407
350,430
350,439
350,445
350,451
350,458
350,470
350,476
350,478
350,481
350,487
350,497
350,535
350,549
350,588
350,593
350,624
350,628
350,629
350,647
350,650
350,651
350,669
350,685
350,707
350,717
350,719
350,733
350,743
350,746
350,759
350,767
350,811
350,814
350,845
350,854
350,896
350,902
350,912
350,916
350,925
350,943
350,999
351,378
351,392
351,398
351,404
351,424
351,431
351,451
351,471
351,485
351,492
351,500
351,520
351,531
351,536
351,569
351,578
351,613
351,631
351,668
351,678
351,682
351,683
351,692
351,699
351,720
351,735
351,737
351,771
351,773
351,825
351,839
351,868
351,905
351,924
351,946
351,965
351,989
351,993
351,998
352,378
352,383
352,388
352,418
352,421
352,434
352,475
352,528
352,546
352,561
352,611
352,614
352,619
352,622
352,646
352,658
352,673
352,683
352,743
352,752
352,756
352,761
352,774
352,782
352,817
352,820
352,836
352,837
352,844
352,846
352,852
352,857
352,858
352,873
352,892
352,904
352,914
352,919
352,951
352,987
352,995
352,999
353,385
353,403
353,477
353,479
353,482
353,483
353,485
353,495
353,498
353,510
353,515
353,521
353,557
353,565
353,590
353,600
353,610
353,627
353,638
353,661
353,675
353,685
353,721
353,727
353,753
353,796
353,835
353,861
353,862
353,876
353,878
353,882
353,885
353,952
353,997
354,355
354,393
354,415
354,416
354,440
354,443
354,458
354,469
354,470
354,476
354,478
354,482
354,483
354,488
354,503
354,512
354,519
354,530
354,545
354,559
354,648
354,711
354,735
354,740
354,756
354,767
354,774
354,817
354,854
354,875
354,888
354,934
354,983
355,377
355,396
355,399
355,416
355,440
355,512
355,514
355,608
355,618
355,673
355,712
355,740
355,756
355,794
355,798
355,814
355,843
355,854
355,874
355,875
355,883
355,929
355,984
355,985
355,992
355,996
355,998
356,415
356,436
356,446
356,476
356,488
356,502
356,579
356,618
356,620
356,621
356,622
356,667
356,685
356,756
356,770
356,798
356,926
356,956
356,996
357,374
357,377
357,411
357,414
357,416
357,440
357,445
357,446
357,471
357,519
357,530
357,548
357,552
357,571
357,572
357,579
357,583
357,609
357,646
357,666
357,667
357,708
357,714
357,754
357,780
357,807
357,817
357,822
357,827
357,854
357,872
357,880
357,901
357,949
357,985
357,999
358,364
358,476
358,560
358,567
358,652
358,696
358,744
358,778
358,856
358,862
358,876
358,882
358,915
358,926
358,927
358,970
359,361
359,363
359,368
359,380
359,386
359,421
359,515
359,520
359,523
359,536
359,566
359,569
359,592
359,599
359,626
359,636
359,676
359,706
359,718
359,757
359,816
359,829
359,851
359,871
359,924
359,954
359,998
360,379
360,408
360,424
360,468
360,487
360,518
360,581
360,617
360,653
360,657
360,713
360,736
360,775
360,824
360,851
360,875
360,906
360,913
360,923
360,967
360,993
360,997
361,402
361,448
361,476
361,536
361,605
361,609
361,645
361,646
361,684
361,687
361,709
361,725
361,730
361,742
361,791
361,867
361,875
361,925
361,948
361,984
362,364
362,402
362,448
362,454
362,483
362,491
362,549
362,563
362,590
362,598
362,623
362,624
362,630
362,632
362,667
362,669
362,674
362,703
362,717
362,772
362,788
362,803
362,806
362,826
362,840
362,845
362,856
362,861
362,878
362,884
362,895
362,896
362,925
362,952
362,974
362,981
362,982
362,988
363,387
363,392
363,401
363,422
363,431
363,457
363,468
363,474
363,487
363,490
363,516
363,518
363,520
363,536
363,551
363,561
363,584
363,617
363,653
363,654
363,659
363,660
363,670
363,682
363,683
363,684
363,715
363,722
363,745
363,775
363,809
363,900
363,909
363,972
363,977
363,989
363,997
364,403
364,432
364,450
364,468
364,478
364,494
364,497
364,535
364,563
364,584
364,616
364,624
364,627
364,669
364,685
364,703
364,740
364,772
364,784
364,806
364,828
364,833
364,871
364,918
364,969
364,988
364,990
364,994
365,401
365,468
365,520
365,555
365,585
365,606
365,653
365,665
365,684
365,692
365,760
365,763
365,765
365,776
365,778
365,847
365,849
365,853
365,870
365,881
366,414
366,430
366,464
366,544
366,597
366,612
366,667
366,686
366,705
366,722
366,823
366,854
366,872
366,888
366,901
366,971
366,979
367,375
367,377
367,383
367,391
367,394
367,404
367,406
367,427
367,449
367,451
367,486
367,529
367,533
367,552
367,561
367,566
367,571
367,574
367,575
367,602
367,637
367,646
367,658
367,684
367,720
367,734
367,753
367,784
367,795
367,807
367,811
367,828
367,848
367,851
367,858
367,875
367,890
367,902
367,906
367,931
367,941
367,959
367,978
367,980
367,998
367,999
368,401
368,424
368,431
368,435
368,471
368,567
368,628
368,781
368,816
368,932
368,951
368,997
369,477
369,494
369,560
369,563
369,580
369,622
369,643
369,647
369,648
369,677
369,680
369,736
369,764
369,826
369,833
369,847
369,849
369,886
369,915
369,917
369,932
369,975
369,977
370,441
370,492
370,551
370,574
370,586
370,628
370,642
370,657
370,659
370,662
370,674
370,684
370,692
370,706
370,751
370,775
370,789
370,809
370,853
370,913
370,917
370,923
370,934
370,993
371,391
371,447
371,454
371,456
371,463
371,478
371,496
371,522
371,561
371,578
371,587
371,607
371,628
371,636
371,641
371,648
371,676
371,678
371,680
371,688
371,713
371,771
371,841
371,906
371,944
371,978
372,382
372,397
372,410
372,411
372,437
372,449
372,452
372,487
372,519
372,520
372,524
372,525
372,528
372,530
372,547
372,572
372,574
372,633
372,636
372,673
372,689
372,691
372,747
372,754
372,774
372,778
372,811
372,821
372,827
372,828
372,831
372,847
372,854
372,872
372,874
372,892
372,902
372,967
372,990
372,996
372,999
373,379
373,382
373,385
373,402
373,407
373,416
373,470
373,476
373,478
373,512
373,519
373,547
373,578
373,588
373,593
373,621
373,629
373,651
373,669
373,707
373,709
373,717
373,738
373,756
373,813
373,814
373,817
373,830
373,845
373,855
373,867
373,889
373,996
374,375
374,397
374,411
374,429
374,509
374,513
374,518
374,520
374,522
374,564
374,575
374,578
374,602
374,680
374,691
374,713
374,716
374,769
374,771
374,776
374,807
374,858
374,861
374,865
374,890
374,900
374,942
374,946
374,954
374,968
374,998
375,383
375,404
375,473
375,486
375,492
375,493
375,515
375,522
375,536
375,542
375,564
375,575
375,593
375,602
375,603
375,607
375,622
375,632
375,682
375,706
375,736
375,737
375,769
375,771
375,773
375,775
375,807
375,820
375,839
375,844
375,847
375,865
375,890
375,900
375,919
375,938
375,946
375,994
375,998
375,999
376,385
376,449
376,453
376,470
376,495
376,507
376,510
376,537
376,541
376,560
376,568
376,680
376,685
376,701
376,741
376,807
376,829
376,876
376,878
376,885
376,918
376,955
376,958
376,964
376,969
376,974
376,983
377,378
377,384
377,396
377,400
377,415
377,445
377,475
377,519
377,520
377,524
377,528
377,530
377,548
377,552
377,579
377,583
377,624
377,666
377,667
377,672
377,708
377,713
377,714
377,740
377,754
377,755
377,765
377,780
377,787
377,793
377,812
377,821
377,822
377,827
377,860
377,883
377,905
377,926
377,929
377,938
377,939
377,951
377,995
378,382
378,416
378,430
378,440
378,442
378,443
378,445
378,447
378,464
378,483
378,506
378,520
378,548
378,572
378,574
378,583
378,608
378,609
378,613
378,619
378,633
378,666
378,673
378,691
378,709
378,714
378,753
378,754
378,804
378,821
378,828
378,834
378,843
378,846
378,854
378,860
378,872
378,911
378,912
378,938
378,948
378,957
378,980
379,382
379,400
379,420
379,439
379,448
379,470
379,483
379,522
379,567
379,604
379,624
379,630
379,631
379,635
379,649
379,683
379,707
379,719
379,726
379,784
379,799
379,803
379,806
379,833
379,850
379,875
379,896
379,960
380,392
380,398
380,408
380,424
380,440
380,449
380,463
380,471
380,478
380,500
380,528
380,536
380,542
380,554
380,555
380,578
380,592
380,643
380,666
380,668
380,676
380,678
380,680
380,714
380,720
380,753
380,761
380,773
380,801
380,819
380,924
380,956
380,978
380,994
380,998
381,383
381,384
381,390
381,414
381,441
381,450
381,522
381,626
381,637
381,652
381,743
381,745
381,747
381,797
381,799
381,800
381,828
381,845
381,865
381,883
381,992
382,393
382,430
382,439
382,445
382,478
382,497
382,538
382,545
382,582
382,588
382,604
382,629
382,643
382,646
382,651
382,669
382,678
382,707
382,709
382,719
382,730
382,746
382,793
382,810
382,845
382,860
382,908
382,912
382,925
382,990
383,388
383,390
383,395
383,410
383,414
383,418
383,451
383,463
383,489
383,515
383,528
383,546
383,548
383,596
383,597
383,611
383,619
383,632
383,653
383,658
383,697
383,734
383,751
383,752
383,759
383,766
383,779
383,792
383,799
383,807
383,815
383,822
383,829
383,841
383,847
383,848
383,852
383,854
383,857
383,858
383,873
383,874
383,897
383,904
383,957
383,971
383,973
383,987
384,397
384,505
384,548
384,574
384,609
384,734
384,754
384,905
384,916
384,991
385,403
385,409
385,419
385,433
385,435
385,448
385,453
385,477
385,510
385,521
385,526
385,537
385,539
385,540
385,541
385,567
385,568
385,573
385,585
385,590
385,599
385,616
385,625
385,652
385,675
385,692
385,701
385,713
385,727
385,731
385,738
385,796
385,806
385,833
385,861
385,863
385,878
385,879
385,883
385,885
385,955
385,969
385,986
385,990
386,417
386,454
386,463
386,464
386,480
386,556
386,576
386,596
386,602
386,603
386,655
386,718
386,791
386,792
386,807
386,811
386,897
386,941
386,959
386,973
387,401
387,424
387,427
387,468
387,517
387,520
387,536
387,545
387,581
387,623
387,653
387,683
387,691
387,694
387,739
387,748
387,751
387,781
387,851
387,853
387,894
387,898
387,901
387,958
388,393
388,404
388,410
388,411
388,416
388,440
388,449
388,473
388,475
388,575
388,633
388,636
388,650
388,653
388,663
388,734
388,743
388,752
388,754
388,757
388,761
388,774
388,782
388,792
388,852
388,858
388,892
388,901
388,914
388,929
388,987
389,479
389,541
389,560
389,610
389,649
389,680
389,703
389,704
389,784
389,838
389,862
389,876
389,878
389,896
389,902
389,955
389,964
389,986
390,406
390,450
390,451
390,454
390,473
390,497
390,525
390,566
390,582
390,592
390,619
390,652
390,673
390,679
390,716
390,734
390,745
390,747
390,779
390,799
390,835
390,836
390,841
390,852
390,867
390,874
390,897
390,953
390,959
391,395
391,422
391,472
391,473
391,489
391,513
391,554
391,577
391,589
391,611
391,637
391,658
391,662
391,690
391,751
391,779
391,795
391,820
391,837
391,848
391,858
391,897
391,909
391,919
391,936
391,947
391,973
391,978
392,398
392,401
392,424
392,433
392,435
392,449
392,454
392,520
392,526
392,569
392,581
392,584
392,639
392,640
392,684
392,688
392,739
392,748
392,751
392,761
392,799
392,816
392,909
392,917
392,998
393,411
393,434
393,435
393,513
393,548
393,614
393,632
393,636
393,641
393,646
393,658
393,664
393,678
393,679
393,705
393,747
393,774
393,779
393,782
393,785
393,786
393,799
393,820
393,828
393,848
393,873
393,892
393,914
393,929
393,951
393,980
393,991
393,997
393,999
394,410
394,456
394,490
394,512
394,513
394,530
394,554
394,585
394,602
394,611
394,613
394,664
394,678
394,705
394,752
394,855
394,871
394,873
394,891
394,903
394,914
394,919
394,936
394,947
394,951
394,978
395,421
395,434
395,460
395,489
395,501
395,536
395,616
395,619
395,655
395,658
395,668
395,697
395,734
395,745
395,774
395,785
395,787
395,795
395,799
395,828
395,837
395,841
395,844
395,846
395,857
395,858
395,968
395,973
395,977
395,978
396,412
396,428
396,442
396,450
396,464
396,481
396,563
396,571
396,626
396,640
396,674
396,821
396,831
396,859
396,867
396,884
396,914
396,948
396,953
396,980
396,995
397,402
397,419
397,465
397,504
397,514
397,525
397,545
397,656
397,661
397,684
397,687
397,728
397,755
397,763
397,808
397,838
397,884
397,893
397,899
397,916
397,921
397,961
397,976
398,424
398,433
398,454
398,508
398,567
398,569
398,573
398,586
398,637
398,668
398,692
398,750
398,762
398,773
398,781
398,809
398,816
398,819
398,914
398,988
399,409
399,448
399,470
399,487
399,495
399,506
399,537
399,539
399,556
399,557
399,617
399,627
399,666
399,701
399,705
399,732
399,750
399,840
399,847
399,862
399,882
399,885
399,891
399,903
399,952
399,962
399,969
399,982
400,403
400,420
400,439
400,448
400,491
400,495
400,510
400,540
400,547
400,549
400,553
400,559
400,598
400,601
400,610
400,627
400,630
400,669
400,721
400,725
400,732
400,739
400,746
400,759
400,784
400,806
400,808
400,811
400,826
400,833
400,834
400,879
400,955
400,957
400,981
401,433
401,444
401,487
401,495
401,507
401,516
401,518
401,528
401,531
401,537
401,573
401,606
401,623
401,628
401,633
401,642
401,647
401,648
401,676
401,692
401,695
401,732
401,739
401,751
401,755
401,760
401,763
401,783
401,805
401,809
401,835
401,851
401,853
401,881
401,886
401,907
401,917
401,932
401,958
401,970
402,416
402,464
402,538
402,612
402,651
402,661
402,674
402,693
402,709
402,717
402,813
402,888
402,943
403,410
403,420
403,432
403,539
403,553
403,568
403,570
403,610
403,627
403,640
403,647
403,672
403,673
403,721
403,727
403,764
403,796
403,811
403,826
403,833
403,863
403,880
403,882
403,902
403,934
403,962
403,964
404,423
404,456
404,461
404,463
404,508
404,519
404,526
404,531
404,554
404,607
404,631
404,635
404,637
404,652
404,678
404,694
404,706
404,716
404,720
404,733
404,761
404,771
404,773
404,789
404,799
404,807
404,828
404,848
404,868
404,871
404,879
404,890
404,898
404,909
404,922
404,944
404,958
404,966
404,999
405,425
405,441
405,460
405,486
405,524
405,546
405,548
405,562
405,614
405,619
405,636
405,660
405,664
405,667
405,711
405,765
405,782
405,874
405,892
405,942
405,947
405,987
406,441
406,450
406,460
406,523
406,526
406,543
406,554
406,556
406,557
406,592
406,652
406,665
406,683
406,689
406,698
406,747
406,751
406,760
406,799
406,800
406,828
406,841
406,848
406,852
406,854
406,872
406,883
406,902
406,980
407,439
407,446
407,470
407,476
407,488
407,511
407,544
407,547
407,559
407,593
407,615
407,621
407,650
407,652
407,670
407,717
407,738
407,759
407,786
407,793
407,798
407,813
407,814
407,830
407,845
407,854
407,855
407,885
407,889
407,926
407,996
408,417
408,472
408,522
408,525
408,536
408,542
408,554
408,575
408,603
408,656
408,668
408,676
408,683
408,728
408,737
408,792
408,795
408,850
408,919
408,932
408,965
409,484
409,495
409,498
409,504
409,521
409,536
409,553
409,575
409,601
409,627
409,649
409,654
409,731
409,813
409,825
409,830
409,880
409,915
409,984
410,426
410,441
410,500
410,506
410,523
410,548
410,571
410,572
410,611
410,626
410,629
410,633
410,650
410,678
410,697
410,782
410,799
410,821
410,828
410,872
410,895
410,902
410,916
410,950
410,971
410,983
410,999
411,440
411,471
411,519
411,530
411,548
411,562
411,583
411,608
411,609
411,622
411,633
411,641
411,666
411,678
411,706
411,714
411,735
411,754
411,780
411,794
411,822
411,875
411,898
411,901
411,926
411,935
411,939
411,967
411,985
412,425
412,426
412,464
412,486
412,502
412,511
412,527
412,564
412,626
412,629
412,655
412,661
412,683
412,687
412,688
412,689
412,730
412,742
412,769
412,791
412,804
412,824
412,831
412,834
412,859
412,867
412,869
412,882
412,901
412,908
412,953
412,995
413,419
413,428
413,445
413,467
413,469
413,476
413,485
413,549
413,615
413,624
413,626
413,650
413,685
413,709
413,738
413,740
413,756
413,759
413,775
413,793
413,813
413,831
413,859
413,893
413,925
413,943
413,948
413,962
414,437
414,441
414,445
414,450
414,453
414,461
414,477
414,500
414,528
414,533
414,548
414,554
414,572
414,583
414,602
414,685
414,687
414,692
414,706
414,716
414,740
414,750
414,756
414,774
414,807
414,811
414,828
414,838
414,848
414,852
414,868
414,889
414,902
414,998
415,423
415,436
415,439
415,440
415,446
415,451
415,481
415,503
415,525
415,552
415,579
415,582
415,592
415,604
415,622
415,624
415,664
415,666
415,667
415,668
415,686
415,705
415,711
415,730
415,740
415,754
415,756
415,767
415,843
415,860
415,875
415,956
415,992
415,996
416,430
416,440
416,442
416,451
416,458
416,488
416,502
416,503
416,548
416,552
416,559
416,579
416,585
416,593
416,597
416,605
416,608
416,622
416,632
416,666
416,709
416,711
416,712
416,740
416,756
416,813
416,817
416,836
416,843
416,875
416,883
416,888
416,893
416,938
416,951
416,957
416,967
416,985
417,449
417,463
417,471
417,515
417,554
417,575
417,602
417,603
417,617
417,713
417,729
417,735
417,792
417,807
417,811
417,857
417,871
417,902
417,932
417,959
418,462
418,517
418,527
418,534
418,556
418,561
418,589
418,607
418,611
418,632
418,658
418,690
418,697
418,729
418,757
418,761
418,766
418,799
418,837
418,846
418,848
418,856
418,858
418,902
418,966
418,973
418,991
418,997
418,999
419,432
419,440
419,497
419,506
419,599
419,608
419,635
419,674
419,685
419,693
419,696
419,732
419,750
419,797
419,812
419,960
419,962
419,987
419,994
420,487
420,505
420,547
420,557
420,590
420,604
420,630
420,669
420,725
420,727
420,784
420,806
420,847
420,861
420,863
420,878
420,881
420,891
420,896
420,974
420,981
421,489
421,501
421,523
421,658
421,679
421,743
421,752
421,766
421,795
421,873
422,517
422,520
422,573
422,587
422,612
422,613
422,644
422,653
422,682
422,684
422,687
422,715
422,751
422,771
422,802
422,816
422,818
422,829
422,856
422,898
422,909
422,927
422,940
422,941
422,959
422,972
422,977
422,993
423,435
423,454
423,456
423,459
423,508
423,522
423,536
423,542
423,554
423,577
423,584
423,607
423,631
423,637
423,668
423,670
423,677
423,678
423,682
423,694
423,716
423,722
423,758
423,769
423,771
423,839
423,858
423,865
423,890
423,892
423,909
423,913
423,943
423,946
423,968
424,433
424,435
424,450
424,454
424,492
424,493
424,514
424,518
424,520
424,526
424,530
424,533
424,541
424,549
424,552
424,556
424,563
424,569
424,578
424,602
424,607
424,637
424,639
424,684
424,687
424,691
424,715
424,720
424,768
424,773
424,775
424,838
424,843
424,850
424,865
424,879
424,895
424,924
424,928
424,941
424,981
425,543
425,556
425,697
425,716
425,723
425,800
425,811
425,821
425,865
425,897
425,902
425,908
425,938
425,960
425,967
425,998
426,445
426,497
426,524
426,530
426,574
426,626
426,633
426,645
426,724
426,772
426,798
426,812
426,848
426,872
426,883
426,905
426,925
426,938
426,948
426,985
427,429
427,431
427,472
427,507
427,508
427,520
427,529
427,534
427,543
427,573
427,637
427,652
427,653
427,660
427,683
427,684
427,692
427,735
427,739
427,748
427,751
427,761
427,783
427,803
427,835
427,853
427,878
427,885
427,886
427,898
427,993
428,440
428,502
428,530
428,552
428,572
428,582
428,597
428,598
428,605
428,641
428,646
428,650
428,653
428,689
428,709
428,712
428,788
428,795
428,804
428,821
428,830
428,834
428,882
428,888
428,893
428,909
428,917
428,955
428,968
428,973
428,975
428,976
428,983
428,995
429,487
429,508
429,513
429,516
429,518
429,520
429,522
429,546
429,567
429,586
429,595
429,628
429,657
429,660
429,688
429,765
429,789
429,809
429,824
429,838
429,913
429,918
429,933
429,940
429,972
430,439
430,458
430,469
430,470
430,474
430,478
430,544
430,552
430,588
430,593
430,629
430,636
430,650
430,707
430,717
430,786
430,813
430,814
430,845
430,872
430,974
430,990
431,444
431,461
431,478
431,520
431,584
431,607
431,660
431,715
431,723
431,735
431,737
431,739
431,829
431,851
431,899
431,997
432,504
432,549
432,570
432,609
432,616
432,627
432,649
432,667
432,721
432,731
432,791
432,793
432,806
432,833
432,840
432,861
432,862
432,863
432,882
432,916
432,962
432,963
432,981
433,461
433,520
433,525
433,560
433,623
433,626
433,628
433,644
433,653
433,751
433,757
433,768
433,776
433,777
433,781
433,790
433,816
433,853
433,894
433,914
433,924
434,455
434,489
434,499
434,611
434,614
434,705
434,774
434,799
434,819
434,839
434,842
434,846
434,858
434,914
435,456
435,473
435,500
435,519
435,520
435,528
435,536
435,569
435,574
435,584
435,637
435,652
435,653
435,659
435,668
435,683
435,684
435,688
435,773
435,781
435,783
435,790
435,804
435,809
435,851
435,995
436,440
436,446
436,488
436,497
436,502
436,503
436,517
436,530
436,552
436,579
436,605
436,608
436,620
436,622
436,632
436,667
436,673
436,711
436,756
436,767
436,768
436,784
436,794
436,822
436,843
436,867
436,874
436,883
436,887
436,888
436,889
436,896
436,956
436,983
436,996
437,462
437,481
437,486
437,490
437,515
437,519
437,556
437,587
437,639
437,706
437,736
437,800
437,875
437,899
437,902
438,444
438,600
438,642
438,765
438,776
438,809
438,849
438,886
438,921
439,448
439,469
439,470
439,478
439,495
439,538
439,552
439,559
439,593
439,598
439,620
439,629
439,650
439,651
439,669
439,683
439,693
439,699
439,707
439,709
439,710
439,711
439,717
439,719
439,725
439,766
439,786
439,813
439,824
439,855
439,864
439,868
439,884
439,889
439,893
439,908
439,912
439,925
440,442
440,469
440,476
440,486
440,488
440,502
440,519
440,528
440,530
440,531
440,536
440,548
440,562
440,568
440,571
440,574
440,583
440,604
440,605
440,608
440,624
440,633
440,637
440,643
440,652
440,666
440,667
440,673
440,676
440,686
440,708
440,712
440,753
440,757
440,767
440,799
440,801
440,804
440,812
440,813
440,822
440,823
440,827
440,829
440,854
440,858
440,875
440,900
440,911
440,921
440,926
440,938
440,948
440,957
440,971
440,979
440,985
441,442
441,444
441,450
441,575
441,587
441,668
441,747
441,792
441,822
441,852
441,902
442,488
442,503
442,512
442,559
442,571
442,583
442,620
442,673
442,740
442,745
442,756
442,763
442,813
442,817
442,822
442,828
442,836
442,843
442,888
442,911
442,992
443,449
443,460
443,489
443,546
443,554
443,570
443,705
443,752
443,766
443,837
443,841
443,857
443,890
443,959
443,971
443,999
444,472
444,477
444,507
444,536
444,550
444,555
444,573
444,585
444,600
444,619
444,671
444,692
444,753
444,777
444,791
444,847
444,849
444,853
444,900
444,906
444,998
445,478
445,480
445,481
445,514
445,537
445,545
445,563
445,571
445,574
445,582
445,624
445,640
445,641
445,643
445,661
445,668
445,706
445,745
445,763
445,782
445,784
445,807
445,827
445,832
445,838
445,868
445,872
445,881
445,916
445,934
446,463
446,476
446,478
446,483
446,552
446,579
446,605
446,620
446,622
446,711
446,719
446,738
446,752
446,806
446,813
446,820
446,866
446,887
446,889
446,895
446,956
446,990
446,996
447,454
447,456
447,515
447,545
447,554
447,569
447,577
447,607
447,637
447,665
447,678
447,694
447,697
447,713
447,722
447,761
447,782
447,828
447,848
447,865
447,928
447,944
447,966
447,997
448,482
448,483
448,494
448,497
448,498
448,510
448,520
448,545
448,571
448,594
448,595
448,604
448,629
448,630
448,635
448,660
448,664
448,669
448,672
448,685
448,693
448,695
448,719
448,741
448,772
448,784
448,786
448,804
448,806
448,833
448,835
448,868
448,884
448,889
448,895
448,896
448,937
448,962
448,969
448,974
448,975
448,976
448,978
448,988
449,480
449,493
449,526
449,531
449,554
449,561
449,585
449,586
449,666
449,678
449,688
449,694
449,697
449,716
449,729
449,745
449,766
449,779
449,799
449,813
449,815
449,844
449,848
449,857
449,890
449,897
449,914
449,924
449,968
449,999
450,468
450,596
450,666
450,705
450,725
450,735
450,759
450,774
450,800
450,831
450,839
450,858
450,883
450,902
450,905
450,937
450,966
450,968
451,460
451,489
451,566
451,587
451,589
451,603
451,613
451,626
451,640
451,673
451,678
451,679
451,685
451,706
451,734
451,745
451,795
451,799
451,801
451,813
451,828
451,841
451,844
451,848
451,850
451,852
451,857
451,875
451,890
451,897
451,907
451,934
451,959
451,973
452,491
452,493
452,494
452,495
452,504
452,525
452,570
452,594
452,601
452,643
452,792
452,796
452,864
452,877
452,894
452,938
452,984
452,994
453,494
453,495
453,496
453,497
453,504
453,510
453,537
453,539
453,541
453,560
453,568
453,616
453,638
453,688
453,692
453,695
453,698
453,701
453,706
453,725
453,778
453,809
453,840
453,878
453,885
453,910
453,920
453,960
453,964
453,967
453,990
454,456
454,481
454,508
454,518
454,526
454,527
454,531
454,569
454,584
454,592
454,628
454,632
454,675
454,679
454,682
454,694
454,713
454,792
454,811
454,853
454,902
454,906
454,909
454,922
454,946
454,950
454,966
455,477
455,654
455,655
455,701
455,736
455,748
455,753
455,762
455,927
456,536
456,607
456,637
456,681
456,684
456,716
456,761
456,829
456,922
456,924
456,947
456,961
456,968
457,496
457,515
457,542
457,574
457,576
457,581
457,595
457,644
457,659
457,670
457,683
457,702
457,704
457,762
457,824
457,886
457,898
457,909
457,947
457,977
458,470
458,530
458,538
458,615
458,629
458,651
458,693
458,738
458,786
458,814
458,845
458,896
458,912
458,918
458,925
458,926
458,943
458,996
459,468
459,474
459,518
459,551
459,580
459,591
459,592
459,598
459,642
459,649
459,662
459,671
459,722
459,736
459,749
459,751
459,760
459,765
459,819
459,894
459,917
460,489
460,493
460,523
460,543
460,546
460,574
460,715
460,745
460,782
460,795
460,796
460,799
460,800
460,828
460,836
460,844
460,845
460,852
460,938
460,974
460,980
460,987
461,472
461,477
461,485
461,487
461,507
461,517
461,525
461,586
461,592
461,613
461,619
461,623
461,640
461,656
461,681
461,699
461,700
461,708
461,709
461,748
461,751
461,756
461,768
461,809
461,838
461,849
461,906
461,958
461,963
461,976
462,467
462,481
462,490
462,506
462,514
462,525
462,532
462,543
462,545
462,626
462,634
462,641
462,661
462,686
462,736
462,763
462,811
462,835
462,839
462,854
462,869
462,940
462,953
462,961
462,992
463,471
463,575
463,581
463,596
463,603
463,663
463,718
463,734
463,737
463,768
463,769
463,800
463,841
463,848
463,871
463,897
463,898
463,941
463,942
463,946
463,959
464,469
464,626
464,629
464,693
464,698
464,730
464,735
464,742
464,859
464,867
464,908
464,921
464,922
464,948
464,972
465,484
465,527
465,558
465,599
465,661
465,673
465,693
465,755
465,758
465,770
465,791
465,994
466,489
466,499
466,513
466,534
466,614
466,619
466,664
466,690
466,697
466,820
466,904
466,951
467,506
467,558
467,573
467,599
467,661
467,665
467,759
467,791
467,799
467,827
467,834
467,838
467,850
467,869
467,994
468,487
468,536
468,567
468,576
468,586
468,617
468,642
468,660
468,715
468,723
468,748
468,765
468,789
468,835
468,849
468,909
468,950
468,972
468,993
469,470
469,486
469,503
469,517
469,544
469,552
469,559
469,574
469,604
469,650
469,685
469,707
469,709
469,711
469,717
469,794
469,814
469,845
469,863
469,871
469,896
469,901
469,902
469,921
469,925
469,926
469,934
469,971
469,990
470,476
470,497
470,503
470,506
470,511
470,571
470,580
470,582
470,588
470,593
470,608
470,615
470,621
470,624
470,629
470,650
470,651
470,670
470,685
470,704
470,706
470,717
470,740
470,756
470,786
470,813
470,814
470,824
470,830
470,838
470,845
470,855
470,860
470,925
470,936
471,490
471,492
471,517
471,545
471,576
471,578
471,596
471,602
471,613
471,668
471,676
471,683
471,723
471,769
471,771
471,773
471,798
471,799
471,801
471,807
471,839
471,919
471,922
471,924
471,946
471,958
471,966
471,998
472,507
472,514
472,532
472,539
472,555
472,582
472,585
472,601
472,613
472,650
472,656
472,677
472,702
472,733
472,741
472,760
472,777
472,783
472,786
472,797
472,802
472,811
472,818
472,847
472,850
472,870
472,876
472,881
472,906
472,934
472,963
472,989
473,533
473,534
473,572
473,589
473,611
473,658
473,659
473,664
473,666
473,678
473,697
473,705
473,713
473,716
473,752
473,774
473,795
473,799
473,811
473,820
473,842
473,846
473,857
473,858
473,860
473,914
473,919
473,936
473,951
473,965
473,978
474,531
474,551
474,564
474,576
474,585
474,591
474,628
474,644
474,649
474,654
474,659
474,660
474,722
474,723
474,749
474,788
474,789
474,802
474,824
474,854
474,862
474,909
474,935
474,993
475,489
475,499
475,546
475,556
475,619
475,636
475,679
475,764
475,782
475,794
475,799
475,821
475,892
475,897
475,905
475,973
476,481
476,488
476,502
476,511
476,538
476,544
476,545
476,547
476,572
476,582
476,593
476,594
476,608
476,621
476,673
476,675
476,709
476,711
476,717
476,738
476,755
476,759
476,788
476,798
476,814
476,830
476,866
476,887
476,889
476,990
476,996
477,485
477,506
477,558
477,563
477,580
477,600
477,606
477,610
477,629
477,649
477,650
477,652
477,654
477,655
477,662
477,671
477,680
477,704
477,733
477,753
477,777
477,778
477,802
477,835
477,850
477,862
477,876
477,879
477,880
477,886
477,918
477,927
477,952
477,963
477,975
477,978
478,538
478,544
478,559
478,583
478,588
478,593
478,615
478,619
478,622
478,627
478,629
478,636
478,650
478,696
478,707
478,717
478,720
478,746
478,786
478,813
478,814
478,872
478,874
478,912
478,925
478,934
478,971
478,990
478,992
479,484
479,485
479,567
479,643
479,648
479,652
479,656
479,669
479,695
479,736
479,777
479,863
479,880
479,918
479,950
479,955
479,958
480,487
480,492
480,525
480,556
480,562
480,575
480,596
480,683
480,722
480,732
480,734
480,792
480,841
480,968
481,490
481,506
481,515
481,519
481,527
481,543
481,545
481,556
481,571
481,587
481,626
481,629
481,641
481,674
481,685
481,687
481,739
481,781
481,796
481,799
481,831
481,848
481,859
481,876
481,883
481,909
481,916
481,948
481,961
481,970
482,521
482,560
482,627
482,652
482,698
482,721
482,725
482,784
482,796
482,806
482,826
482,828
482,833
482,840
482,863
482,878
482,882
482,891
482,934
482,952
482,969
482,988
483,485
483,495
483,497
483,506
483,511
483,538
483,547
483,588
483,604
483,626
483,635
483,652
483,663
483,672
483,675
483,683
483,685
483,686
483,693
483,703
483,719
483,746
483,759
483,779
483,784
483,793
483,803
483,806
483,850
483,863
483,878
483,884
483,885
483,896
483,911
483,926
483,930
483,934
483,953
483,960
484,537
484,557
484,672
484,698
484,772
484,793
484,808
484,825
484,832
484,840
484,882
484,915
484,930
484,962
484,984
484,994
485,495
485,507
485,521
485,532
485,534
485,550
485,553
485,586
485,601
485,610
485,643
485,670
485,726
485,731
485,736
485,778
485,804
485,863
485,868
485,869
485,918
485,927
485,937
485,990
486,543
486,550
486,556
486,574
486,582
486,590
486,626
486,661
486,687
486,796
486,828
486,831
486,850
486,902
487,516
487,518
487,531
487,576
487,585
487,586
487,612
487,617
487,654
487,659
487,733
487,749
487,775
487,776
487,798
487,802
487,898
487,913
487,917
488,503
488,519
488,552
488,574
488,579
488,594
488,605
488,622
488,658
488,666
488,667
488,707
488,738
488,756
488,759
488,778
488,806
488,822
488,854
488,939
488,940
488,956
488,965
488,983
488,992
488,996
489,493
489,520
489,534
489,605
489,611
489,614
489,619
489,719
489,766
489,779
489,821
489,831
489,919
489,929
489,940
489,959
489,978
490,502
490,506
490,543
490,556
490,574
490,626
490,641
490,655
490,695
490,828
490,853
490,879
490,911
490,939
491,497
491,582
491,635
491,750
491,762
491,786
491,802
491,808
491,840
491,903
491,911
491,982
492,515
492,516
492,521
492,576
492,581
492,606
492,628
492,636
492,657
492,659
492,674
492,684
492,702
492,715
492,722
492,739
492,743
492,753
492,775
492,801
492,824
492,847
492,864
492,890
492,894
492,898
492,909
492,913
492,934
492,964
492,972
492,993
493,525
493,554
493,569
493,571
493,579
493,586
493,610
493,614
493,634
493,658
493,697
493,779
493,795
493,848
493,857
493,958
493,998
493,999
494,510
494,635
494,669
494,672
494,703
494,707
494,728
494,755
494,772
494,793
494,806
494,809
494,826
494,829
494,858
494,907
494,964
494,969
494,974
494,981
494,988
495,498
495,521
495,525
495,622
495,632
495,641
495,643
495,652
495,665
495,670
495,687
495,692
495,698
495,700
495,704
495,725
495,726
495,731
495,750
495,778
495,796
495,797
495,807
495,832
495,847
495,860
495,862
495,879
495,903
495,908
495,915
495,920
495,930
495,937
495,993
495,994
496,525
496,526
496,584
496,597
496,676
496,688
496,694
496,723
496,757
496,829
496,922
496,928
496,994
497,504
497,535
497,562
497,615
497,643
497,661
497,669
497,675
497,719
497,725
497,726
497,745
497,746
497,786
497,833
497,845
497,884
497,896
497,990
497,996
498,540
498,549
498,560
498,567
498,580
498,582
498,585
498,604
498,627
498,635
498,638
498,641
498,643
498,666
498,675
498,698
498,704
498,721
498,725
498,726
498,727
498,731
498,741
498,809
498,838
498,847
498,862
498,876
498,881
498,882
498,884
498,891
498,918
498,920
498,927
498,932
498,934
498,952
498,964
498,998
499,577
499,632
499,646
499,705
499,745
499,774
499,785
499,820
499,844
499,848
499,892
499,914
499,947
499,965
499,989
499,998
500,507
500,519
500,542
500,574
500,578
500,584
500,602
500,603
500,637
500,646
500,668
500,688
500,720
500,771
500,773
500,787
500,801
500,824
500,838
500,839
500,859
500,924
500,946
500,958
500,966
501,533
501,534
501,552
501,585
501,631
501,640
501,646
501,679
501,690
501,730
501,743
501,752
501,766
501,779
501,844
501,846
501,848
501,858
501,897
501,957
501,973
501,978
502,559
502,615
502,618
502,730
502,755
502,759
502,764
502,788
502,817
502,834
502,865
502,872
502,893
502,916
502,925
503,547
503,552
503,574
503,582
503,628
503,639
503,642
503,666
503,667
503,711
503,740
503,773
503,819
503,827
503,837
503,843
503,860
503,872
503,875
503,881
503,912
503,985
503,992
504,549
504,570
504,594
504,736
504,787
504,796
504,819
504,840
504,856
504,885
504,903
504,962
505,525
505,549
505,702
505,707
505,732
505,832
505,914
505,974
505,981
505,982
506,507
506,514
506,536
506,548
506,556
506,563
506,565
506,576
506,594
506,606
506,617
506,652
506,660
506,661
506,674
506,693
506,719
506,735
506,750
506,778
506,784
506,791
506,793
506,813
506,829
506,832
506,864
506,867
506,916
506,921
506,929
506,934
506,958
506,967
506,985
506,994
507,555
507,563
507,573
507,585
507,600
507,633
507,640
507,656
507,670
507,684
507,692
507,719
507,720
507,751
507,753
507,760
507,805
507,838
507,853
507,876
507,886
507,915
507,938
507,950
507,958
507,993
508,526
508,554
508,581
508,584
508,586
508,607
508,628
508,637
508,653
508,682
508,684
508,688
508,693
508,694
508,727
508,738
508,795
508,829
508,913
508,922
508,928
508,937
508,966
509,558
509,624
509,661
509,732
509,737
509,758
509,877
509,931
510,537
510,541
510,568
510,574
510,590
510,616
510,621
510,653
510,685
510,715
510,720
510,775
510,786
510,826
510,863
510,865
510,882
510,885
510,955
510,958
510,962
510,966
510,986
510,996
511,530
511,621
511,624
511,629
511,647
511,674
511,711
511,717
511,733
511,738
511,756
511,769
511,779
511,795
511,798
511,814
511,830
511,845
511,889
511,980
511,990
511,992
511,996
512,528
512,530
512,552
512,605
512,663
512,666
512,751
512,756
512,817
512,843
512,855
512,875
512,888
512,901
512,939
512,941
512,956
512,971
512,991
513,548
513,572
513,579
513,589
513,611
513,615
513,617
513,634
513,636
513,656
513,664
513,697
513,699
513,706
513,729
513,745
513,749
513,779
513,785
513,836
513,837
513,919
513,936
513,947
513,978
513,989
514,517
514,562
514,572
514,573
514,633
514,640
514,641
514,643
514,645
514,652
514,661
514,665
514,683
514,687
514,691
514,699
514,720
514,737
514,740
514,763
514,778
514,799
514,818
514,833
514,838
514,847
514,869
514,890
514,906
514,920
514,967
514,976
515,566
515,569
515,592
515,613
515,676
515,687
515,691
515,700
515,706
515,709
515,710
515,718
515,747
515,769
515,771
515,773
515,781
515,794
515,807
515,844
515,871
515,904
515,907
515,914
515,940
515,946
515,973
515,998
516,530
516,550
516,586
516,649
516,665
516,702
516,723
516,776
516,800
516,894
516,898
516,913
516,952
516,972
516,977
517,528
517,545
517,563
517,569
517,573
517,582
517,590
517,594
517,623
517,654
517,661
517,665
517,670
517,683
517,707
517,735
517,740
517,763
517,768
517,807
517,808
517,817
517,818
517,838
517,850
517,864
517,868
517,871
517,880
517,881
517,902
517,906
517,924
517,930
517,934
517,937
517,963
517,967
517,976
518,540
518,576
518,581
518,586
518,600
518,606
518,607
518,617
518,644
518,678
518,682
518,706
518,775
518,789
518,824
518,829
518,898
518,913
518,923
518,933
518,934
518,950
518,977
518,985
518,993
519,530
519,548
519,552
519,556
519,562
519,583
519,605
519,618
519,622
519,663
519,666
519,708
519,714
519,740
519,751
519,754
519,780
519,794
519,812
519,822
519,827
519,834
519,860
519,907
519,925
519,939
519,983
519,985
520,531
520,552
520,560
520,569
520,584
520,590
520,606
520,623
520,640
520,653
520,659
520,660
520,670
520,682
520,684
520,688
520,692
520,703
520,723
520,751
520,768
520,775
520,781
520,800
520,832
520,850
520,880
520,882
520,886
520,894
520,898
520,906
520,935
520,952
520,958
520,966
520,997
521,540
521,550
521,569
521,585
521,590
521,604
521,610
521,625
521,643
521,647
521,648
521,652
521,654
521,675
521,698
521,723
521,728
521,749
521,756
521,760
521,763
521,778
521,863
521,876
521,878
521,882
521,927
521,930
521,932
521,937
521,950
521,955
522,542
522,559
522,564
522,592
522,637
522,668
522,682
522,769
522,771
522,773
522,832
522,839
522,846
522,851
522,900
522,924
522,940
522,998
523,678
523,747
523,757
523,799
523,820
523,828
523,854
523,941
524,528
524,530
524,546
524,562
524,581
524,597
524,602
524,603
524,605
524,609
524,661
524,663
524,694
524,742
524,747
524,757
524,787
524,799
524,848
524,872
524,874
524,905
524,929
524,949
524,987
524,991
524,998
525,542
525,550
525,551
525,556
525,572
525,587
525,625
525,639
525,640
525,641
525,665
525,683
525,687
525,691
525,706
525,710
525,735
525,751
525,770
525,865
525,886
525,893
525,902
525,945
525,953
525,968
525,972
525,984
525,992
526,531
526,533
526,542
526,569
526,572
526,592
526,628
526,642
526,670
526,685
526,688
526,694
526,720
526,763
526,790
526,829
526,914
526,923
526,993
527,587
527,599
527,627
527,656
527,684
527,686
527,732
527,767
527,803
527,877
527,934
527,961
527,969
528,530
528,572
528,611
528,626
528,636
528,648
528,666
528,712
528,719
528,752
528,757
528,782
528,785
528,799
528,837
528,848
528,874
528,875
528,883
528,923
528,926
528,932
528,957
528,980
528,987
529,573
529,606
529,642
529,662
529,691
529,692
529,762
529,776
529,805
529,847
529,870
529,950
529,958
530,548
530,559
530,582
530,583
530,629
530,636
530,641
530,666
530,667
530,689
530,693
530,708
530,722
530,740
530,754
530,767
530,780
530,794
530,795
530,812
530,821
530,823
530,872
530,883
530,888
530,893
530,896
530,911
530,922
530,926
530,939
530,948
530,957
530,971
530,979
530,985
530,987
530,992
530,997
531,532
531,550
531,554
531,561
531,587
531,602
531,607
531,613
531,631
531,634
531,649
531,660
531,678
531,697
531,713
531,716
531,720
531,865
531,904
531,944
531,999
532,604
532,671
532,674
532,700
532,735
532,741
532,761
532,777
532,791
532,825
532,835
532,847
532,850
532,864
532,881
532,906
532,921
532,958
532,961
532,963
533,554
533,565
533,678
533,697
533,761
533,783
533,795
533,839
533,848
533,858
533,895
533,940
533,951
533,966
533,973
533,991
533,992
533,998
533,999
534,606
534,611
534,646
534,697
534,766
534,774
534,779
534,836
534,843
534,844
534,846
534,873
534,904
534,914
534,936
534,951
534,989
535,568
535,629
535,632
535,669
535,719
535,746
535,786
535,883
535,969
535,990
536,561
536,573
536,587
536,592
536,610
536,611
536,613
536,623
536,643
536,668
536,683
536,684
536,709
536,735
536,739
536,768
536,801
536,819
536,839
536,907
536,923
536,946
536,994
536,995
537,538
537,539
537,541
537,567
537,568
537,590
537,616
537,630
537,654
537,656
537,675
537,685
537,692
537,727
537,778
537,784
537,806
537,859
537,861
537,872
537,876
537,882
537,885
537,896
537,910
537,955
537,967
537,969
538,558
538,570
538,624
538,629
538,630
538,661
538,669
538,685
538,695
538,696
538,707
538,719
538,746
538,759
538,783
538,786
538,788
538,804
538,904
538,925
538,950
538,969
538,990
539,541
539,560
539,568
539,601
539,625
539,627
539,638
539,704
539,727
539,797
539,832
539,833
539,877
539,878
539,891
539,910
539,941
539,970
539,982
539,986
540,549
540,592
540,601
540,610
540,623
540,632
540,698
540,731
540,736
540,804
540,862
540,920
540,955
541,560
541,568
541,590
541,604
541,616
541,664
541,701
541,721
541,750
541,799
541,805
541,863
541,891
541,932
541,934
541,969
541,984
541,988
542,578
542,607
542,641
542,660
542,670
542,688
542,694
542,713
542,773
542,777
542,778
542,839
542,865
542,900
542,928
542,963
542,968
543,555
543,557
543,565
543,585
543,607
543,626
543,641
543,661
543,674
543,675
543,691
543,693
543,703
543,706
543,735
543,742
543,794
543,811
543,818
543,836
543,848
543,850
543,859
543,868
543,886
543,889
543,902
543,911
543,934
543,948
543,995
544,597
544,621
544,624
544,650
544,717
544,746
544,759
544,824
544,845
544,863
544,867
544,893
544,901
544,925
544,983
544,990
544,994
544,995
545,563
545,613
545,661
545,686
545,735
545,793
545,807
545,916
545,918
545,995
546,554
546,562
546,574
546,619
546,658
546,663
546,717
546,734
546,743
546,752
546,779
546,782
546,904
546,916
546,938
546,949
546,980
546,987
546,991
547,552
547,579
547,593
547,621
547,629
547,641
547,646
547,707
547,738
547,740
547,756
547,780
547,784
547,803
547,813
547,814
547,817
547,830
547,843
547,887
547,911
547,992
547,996
548,562
548,574
548,583
548,602
548,604
548,609
548,611
548,629
548,636
548,657
548,663
548,666
548,673
548,708
548,709
548,714
548,732
548,735
548,742
548,751
548,754
548,780
548,787
548,820
548,822
548,827
548,843
548,850
548,860
548,873
548,875
548,883
548,893
548,897
548,926
548,939
548,949
548,957
548,979
548,985
548,995
549,619
549,624
549,627
549,635
549,687
549,693
549,732
549,784
549,796
549,826
549,840
549,861
549,920
549,962
550,654
550,655
550,698
550,726
550,736
550,741
550,753
550,862
550,876
550,913
550,918
550,927
551,584
551,591
551,600
551,624
551,653
551,659
551,671
551,677
551,722
551,749
551,788
551,789
551,835
551,935
551,950
551,952
551,974
551,993
552,579
552,605
552,629
552,633
552,667
552,693
552,694
552,695
552,711
552,721
552,732
552,756
552,788
552,791
552,804
552,823
552,836
552,843
552,858
552,978
552,983
552,990
552,992
552,996
553,560
553,594
553,601
553,644
553,652
553,755
553,797
553,879
553,903
553,962
553,984
554,556
554,561
554,602
554,611
554,637
554,673
554,678
554,688
554,697
554,713
554,716
554,726
554,752
554,771
554,772
554,779
554,795
554,829
554,848
554,850
554,890
554,900
554,904
554,936
554,994
554,999
555,573
555,580
555,585
555,600
555,606
555,642
555,643
555,665
555,675
555,692
555,739
555,746
555,799
555,835
555,847
555,955
555,958
555,984
556,587
556,612
556,626
556,639
556,641
556,645
556,681
556,691
556,724
556,742
556,763
556,807
556,811
556,819
556,868
556,871
556,874
556,886
556,967
556,995
557,565
557,567
557,601
557,637
557,643
557,731
557,744
557,784
557,793
557,833
557,891
557,902
557,905
557,915
557,945
557,990
557,994
558,599
558,674
558,686
558,691
558,750
558,838
558,847
558,915
558,922
558,960
559,582
559,593
559,602
559,615
559,629
559,650
559,695
559,707
559,745
559,756
559,782
559,786
559,788
559,798
559,800
559,814
559,833
559,834
559,843
559,901
559,920
559,925
559,943
559,948
559,992
559,996
560,570
560,610
560,625
560,627
560,675
560,704
560,727
560,736
560,815
560,833
560,862
560,863
560,876
560,878
560,882
560,920
560,955
560,974
560,986
560,995
561,589
561,602
561,668
561,678
561,681
561,711
561,716
561,751
561,795
561,821
561,829
561,839
561,841
561,844
561,848
561,858
561,869
561,872
561,890
561,891
561,911
561,926
561,959
561,968
562,571
562,583
562,604
562,605
562,609
562,633
562,646
562,664
562,673
562,714
562,752
562,754
562,779
562,780
562,787
562,813
562,821
562,827
562,828
562,867
562,869
562,908
562,939
562,953
562,980
562,985
562,991
563,567
563,581
563,606
563,652
563,700
563,704
563,727
563,738
563,753
563,786
563,833
563,835
563,850
563,858
563,881
563,898
563,907
563,917
563,940
563,993
564,569
564,631
564,641
564,647
564,769
564,771
564,839
564,865
564,894
564,900
564,924
564,942
564,982
564,998
565,573
565,591
565,648
565,652
565,675
565,706
565,721
565,726
565,762
565,788
565,824
565,832
565,838
565,860
565,869
565,880
565,903
565,913
565,935
565,948
565,953
565,975
566,676
566,718
566,745
566,769
566,782
566,846
566,852
566,859
566,897
566,980
567,568
567,606
567,616
567,624
567,627
567,638
567,652
567,664
567,675
567,681
567,684
567,698
567,704
567,715
567,723
567,736
567,744
567,778
567,784
567,795
567,796
567,799
567,876
567,906
567,917
567,920
567,926
567,927
567,964
567,997
568,606
568,616
568,646
568,701
568,710
568,731
568,833
568,878
568,896
568,906
568,982
569,578
569,580
569,607
569,660
569,668
569,684
569,685
569,688
569,692
569,694
569,771
569,790
569,801
569,807
569,816
569,839
569,865
569,922
569,924
569,935
569,954
569,999
570,598
570,648
570,826
570,878
570,891
570,910
570,964
571,583
571,612
571,624
571,629
571,636
571,650
571,665
571,670
571,673
571,681
571,687
571,707
571,716
571,763
571,773
571,782
571,813
571,867
571,872
571,883
571,902
571,908
571,912
571,925
571,948
571,957
571,991
571,995
572,609
572,613
572,636
572,663
572,683
572,714
572,787
572,799
572,800
572,811
572,821
572,827
572,846
572,860
572,938
572,991
572,992
573,581
573,600
573,606
573,611
573,649
573,659
573,681
573,683
573,684
573,692
573,694
573,700
573,709
573,733
573,739
573,741
573,751
573,753
573,765
573,777
573,782
573,783
573,808
573,809
573,817
573,850
573,854
573,870
573,878
573,880
573,881
573,886
573,895
573,898
573,909
573,917
573,918
573,919
573,934
573,958
573,960
574,602
574,624
574,633
574,636
574,641
574,663
574,666
574,673
574,707
574,714
574,752
574,800
574,828
574,848
574,858
574,860
574,872
574,907
574,908
574,916
574,957
574,989
574,990
574,991
575,603
575,616
575,676
575,745
575,746
575,792
575,795
575,807
575,871
576,586
576,595
576,628
576,644
576,657
576,659
576,670
576,748
576,751
576,775
576,802
576,824
576,832
576,835
576,839
576,851
576,866
576,868
576,898
576,899
576,913
576,918
576,923
576,933
576,944
576,950
576,958
576,972
576,977
576,984
576,993
576,996
576,997
577,589
577,666
577,668
577,729
577,761
577,779
577,844
577,892
577,919
577,921
577,996
578,607
578,628
578,637
578,656
578,668
578,670
578,682
578,688
578,713
578,716
578,720
578,748
578,781
578,790
578,842
578,844
578,922
578,924
578,967
579,582
579,593
579,612
579,618
579,620
579,622
579,642
579,666
579,667
579,673
579,685
579,740
579,756
579,780
579,786
579,794
579,813
579,817
579,854
579,864
579,887
579,908
579,926
579,934
579,992
579,996
580,600
580,606
580,647
580,691
580,692
580,700
580,715
580,731
580,733
580,749
580,753
580,760
580,781
580,782
580,805
580,835
580,837
580,847
580,849
580,864
580,869
580,906
580,950
580,958
580,962
580,964
580,966
580,975
581,594
581,606
581,640
581,647
581,662
581,677
581,684
581,722
581,725
581,740
581,760
581,805
581,835
581,847
581,894
581,898
581,917
581,918
581,932
581,935
581,958
582,597
582,598
582,605
582,608
582,612
582,622
582,629
582,650
582,652
582,673
582,719
582,730
582,791
582,806
582,821
582,824
582,834
582,836
582,854
582,883
582,901
582,908
582,916
582,943
582,967
582,971
582,995
583,603
583,666
583,714
583,754
583,757
583,774
583,787
583,822
583,823
583,827
583,855
583,874
583,887
583,890
583,920
583,939
583,949
583,971
583,985
583,992
584,682
584,684
584,688
584,692
584,694
584,707
584,768
584,802
584,829
584,890
585,606
585,627
585,643
585,649
585,655
585,660
585,665
585,671
585,681
585,692
585,699
585,736
585,753
585,765
585,774
585,776
585,777
585,797
585,809
585,810
585,818
585,826
585,838
585,847
585,849
585,850
585,853
585,857
585,870
585,876
585,880
585,881
585,903
585,935
585,944
585,958
585,963
585,975
585,976
585,997
586,587
586,591
586,617
586,645
586,657
586,659
586,684
586,688
586,692
586,694
586,700
586,702
586,706
586,719
586,722
586,752
586,775
586,789
586,802
586,807
586,824
586,829
586,835
586,898
586,906
586,907
586,917
586,923
586,935
586,958
586,972
586,993
586,997
587,628
587,631
587,639
587,674
587,683
587,706
587,710
587,724
587,792
587,801
587,838
587,868
587,871
587,893
587,899
587,902
587,906
587,907
587,915
587,917
587,941
587,995
588,629
588,650
588,689
588,707
588,721
588,725
588,740
588,746
588,759
588,786
588,817
588,875
588,908
588,912
588,925
588,926
588,974
588,990
589,603
589,611
589,629
589,652
589,664
589,705
589,752
589,771
589,779
589,820
589,827
589,873
589,936
589,947
589,951
589,965
589,978
589,989
589,999
590,594
590,629
590,639
590,643
590,669
590,673
590,675
590,685
590,707
590,725
590,772
590,796
590,806
590,824
590,849
590,885
590,898
590,974
590,981
590,986
591,599
591,627
591,642
591,665
591,670
591,671
591,682
591,692
591,722
591,751
591,753
591,760
591,789
591,835
591,851
591,854
591,894
591,909
591,928
591,935
591,963
591,975
591,986
591,993
592,602
592,603
592,613
592,642
592,665
592,668
592,676
592,677
592,688
592,706
592,709
592,737
592,779
592,790
592,807
592,818
592,838
592,840
592,907
592,911
592,943
592,946
592,960
592,998
593,615
593,629
593,650
593,811
593,814
593,830
593,855
593,872
593,889
593,901
593,925
593,938
593,939
594,685
594,727
594,731
594,778
594,791
594,840
594,879
594,922
594,945
594,962
594,970
594,984
595,617
595,657
595,658
595,670
595,702
595,775
595,818
595,824
595,954
595,977
595,997
596,603
596,844
596,890
596,899
596,913
596,928
596,941
596,946
596,968
596,990
597,712
597,732
597,754
597,756
597,823
597,834
597,845
597,854
597,875
597,888
597,971
598,604
598,630
598,635
598,669
598,703
598,793
598,803
598,808
598,809
598,896
598,937
599,629
599,630
599,661
599,663
599,696
599,719
599,732
599,750
599,791
599,903
599,976
599,991
599,994
600,606
600,675
600,684
600,692
600,760
600,765
600,772
600,776
600,778
600,779
600,809
600,835
600,849
600,886
600,906
600,909
600,937
600,957
600,958
600,963
600,998
601,604
601,635
601,652
601,680
601,731
601,744
601,746
601,749
601,755
601,840
601,862
601,867
601,879
601,884
601,891
601,902
601,903
601,915
601,930
601,934
601,937
601,967
601,984
602,603
602,637
602,668
602,676
602,716
602,723
602,729
602,771
602,781
602,807
602,836
602,839
602,841
602,900
602,917
602,924
602,929
602,934
602,942
602,946
602,968
602,978
602,998
603,640
603,648
603,713
603,718
603,761
603,801
603,807
603,821
603,829
603,841
603,844
603,871
603,897
603,899
603,941
603,942
603,946
603,959
604,627
604,629
604,630
604,635
604,657
604,673
604,707
604,748
604,750
604,759
604,786
604,793
604,813
604,838
604,879
604,896
604,901
604,908
604,925
604,951
604,990
604,994
605,612
605,641
605,658
605,666
605,709
605,712
605,732
605,804
605,823
605,833
605,834
605,854
605,860
605,863
605,873
605,882
605,883
605,921
605,948
605,971
605,983
605,992
605,996
605,998
606,640
606,652
606,653
606,680
606,684
606,686
606,704
606,733
606,741
606,753
606,759
606,760
606,765
606,780
606,809
606,829
606,835
606,838
606,847
606,849
606,850
606,880
606,909
606,917
606,958
606,972
607,627
607,628
607,631
607,670
607,678
607,691
607,692
607,713
607,748
607,769
607,772
607,775
607,778
607,820
607,848
607,851
607,867
607,871
607,873
607,897
607,917
607,934
607,944
607,966
608,650
608,667
608,673
608,681
608,708
608,780
608,794
608,807
608,812
608,822
608,843
608,875
608,939
608,985
608,991
608,992
609,611
609,633
609,642
609,646
609,663
609,688
609,706
609,708
609,740
609,787
609,884
609,905
609,929
609,991
610,627
610,630
610,638
610,675
610,727
610,789
610,920
610,952
610,974
611,664
611,697
611,713
611,740
611,754
611,774
611,779
611,787
611,820
611,837
611,846
611,858
611,868
611,904
611,919
611,936
611,965
611,968
611,978
612,618
612,629
612,676
612,717
612,730
612,793
612,804
612,827
612,831
612,854
612,855
612,877
612,883
612,893
612,948
612,995
613,614
613,640
613,680
613,681
613,683
613,720
613,745
613,773
613,781
613,790
613,816
613,847
613,865
613,907
613,923
613,953
613,970
613,971
613,998
614,664
614,752
614,764
614,774
614,782
614,785
614,837
614,914
615,629
615,650
615,673
615,717
615,718
615,719
615,756
615,788
615,795
615,855
615,883
615,887
615,888
615,901
615,912
615,928
615,971
615,990
616,624
616,625
616,687
616,701
616,796
616,863
616,955
616,974
616,986
617,654
617,657
617,668
617,688
617,713
617,734
617,775
617,824
617,829
617,904
617,913
617,918
617,923
617,972
617,977
617,997
618,620
618,622
618,643
618,661
618,667
618,855
618,866
618,956
618,996
619,636
619,678
619,708
619,734
619,743
619,752
619,795
619,799
619,828
619,866
619,890
619,897
619,898
619,914
619,919
619,939
619,973
619,980
619,987
619,999
620,667
620,707
620,711
620,731
620,738
620,752
620,797
620,798
620,956
620,996
621,684
621,738
621,746
621,754
621,763
621,778
621,798
621,814
621,830
621,845
621,855
621,887
621,888
621,889
621,926
621,983
621,996
622,689
622,711
622,767
622,786
622,794
622,872
622,883
622,887
622,893
622,960
623,640
623,656
623,665
623,681
623,699
623,736
623,762
623,763
623,776
623,838
623,881
624,674
624,693
624,707
624,730
624,751
624,786
624,791
624,808
624,823
624,859
624,860
624,867
624,881
624,883
624,908
624,921
624,925
624,939
624,946
624,950
624,960
624,990
625,672
625,701
625,704
625,727
625,819
625,831
625,878
625,882
625,974
626,628
626,648
626,657
626,666
626,673
626,718
626,742
626,769
626,783
626,794
626,808
626,819
626,825
626,841
626,880
626,888
626,892
626,893
626,905
626,916
626,987
626,994
627,630
627,635
627,674
627,698
627,721
627,778
627,796
627,806
627,807
627,823
627,826
627,840
627,860
627,861
627,878
627,882
627,895
627,934
627,969
627,975
628,661
628,671
628,682
628,688
628,694
628,720
628,818
628,829
628,865
628,922
628,928
628,966
628,993
628,997
629,630
629,650
629,651
629,663
629,669
629,707
629,711
629,719
629,738
629,740
629,746
629,759
629,786
629,793
629,813
629,838
629,845
629,875
629,884
629,908
629,909
629,912
629,925
629,946
629,957
629,959
629,960
629,986
629,990
629,995
630,669
630,746
630,770
630,784
630,794
630,803
630,819
630,877
630,895
630,896
630,920
630,945
630,955
630,990
631,676
631,678
631,713
631,716
631,769
631,801
631,807
631,900
631,928
631,936
632,636
632,646
632,651
632,658
632,664
632,668
632,705
632,708
632,713
632,729
632,752
632,774
632,779
632,782
632,807
632,815
632,842
632,844
632,858
632,873
632,904
632,914
632,936
632,947
632,951
632,965
632,973
632,978
632,980
632,989
633,687
633,708
633,754
633,799
633,812
633,821
633,822
633,827
633,832
633,874
633,902
633,905
633,938
633,944
633,957
633,987
633,992
634,678
634,718
634,721
634,766
634,779
634,837
634,844
634,848
634,897
634,958
634,968
634,999
635,661
635,707
635,709
635,735
635,796
635,845
635,877
635,967
635,974
635,997
636,662
636,692
636,715
636,716
636,752
636,754
636,764
636,774
636,782
636,799
636,860
636,892
636,914
636,938
636,967
636,978
636,987
637,660
637,668
637,670
637,676
637,678
637,697
637,713
637,720
637,725
637,741
637,752
637,769
637,771
637,773
637,820
637,839
637,848
637,865
637,868
637,878
637,898
637,901
637,922
637,924
637,955
637,972
637,987
638,675
638,698
638,704
638,705
638,733
638,739
638,753
638,759
638,778
638,833
638,876
638,878
638,879
638,920
638,927
638,937
638,964
639,706
639,710
639,722
639,724
639,735
639,750
639,844
639,859
639,868
639,871
639,899
639,948
640,660
640,665
640,676
640,681
640,683
640,687
640,691
640,694
640,706
640,735
640,736
640,789
640,795
640,808
640,809
640,828
640,838
640,850
640,870
640,902
640,903
640,907
640,935
640,953
640,991
640,994
641,668
641,674
641,683
641,706
641,721
641,735
641,759
641,819
641,854
641,868
641,919
641,948
641,981
641,998
642,649
642,653
642,654
642,662
642,671
642,682
642,684
642,692
642,704
642,722
642,760
642,776
642,778
642,789
642,790
642,791
642,805
642,835
642,847
642,872
642,894
642,935
642,950
642,972
642,975
643,652
643,655
643,669
643,672
643,680
643,681
643,726
643,731
643,741
643,775
643,778
643,847
643,849
643,856
643,876
643,886
643,903
643,906
643,907
643,915
643,937
643,970
643,996
644,653
644,670
644,682
644,739
644,768
644,851
644,853
644,977
645,730
645,736
645,751
645,758
645,850
645,855
645,858
645,870
645,934
645,945
646,664
646,705
646,774
646,785
646,812
646,815
646,820
646,830
646,922
646,936
646,947
646,965
646,989
647,649
647,654
647,662
647,677
647,685
647,713
647,766
647,778
647,805
647,879
647,950
648,651
648,652
648,655
648,677
648,680
648,691
648,731
648,736
648,744
648,769
648,805
648,829
648,932
648,950
648,958
648,970
648,998
649,659
649,662
649,749
649,753
649,762
649,786
649,880
649,899
649,950
649,976
650,653
650,707
650,717
650,738
650,759
650,786
650,788
650,796
650,813
650,838
650,843
650,845
650,852
650,855
650,889
650,901
650,912
650,931
650,943
650,960
650,990
651,661
651,707
651,717
651,748
651,788
651,806
651,813
651,814
651,816
651,817
651,855
651,901
651,910
651,915
651,948
652,654
652,657
652,673
652,675
652,685
652,698
652,731
652,733
652,735
652,778
652,786
652,796
652,797
652,825
652,828
652,847
652,850
652,851
652,856
652,880
652,907
652,932
652,934
652,976
653,656
653,657
653,659
653,660
653,682
653,683
653,684
653,691
653,692
653,694
653,706
653,715
653,720
653,739
653,741
653,748
653,751
653,753
653,768
653,777
653,835
653,839
653,847
653,907
653,909
653,926
653,958
653,997
653,998
654,658
654,661
654,671
654,692
654,701
654,722
654,726
654,737
654,744
654,763
654,782
654,783
654,805
654,809
654,824
654,827
654,848
654,850
654,876
654,913
654,918
654,927
654,932
654,939
654,970
654,976
654,988
655,701
655,734
655,830
655,907
655,932
655,945
655,958
655,970
655,975
656,681
656,692
656,699
656,706
656,736
656,778
656,838
656,850
656,851
656,896
656,958
656,975
656,976
657,659
657,672
657,682
657,688
657,720
657,745
657,753
657,773
657,775
657,824
657,849
657,913
657,954
657,977
657,997
657,999
658,679
658,687
658,690
658,716
658,734
658,745
658,752
658,766
658,774
658,799
658,807
658,820
658,837
658,846
658,858
658,904
658,919
659,662
659,702
659,715
659,722
659,739
659,760
659,802
659,824
659,907
659,913
659,935
659,936
659,972
659,993
660,715
660,723
660,766
660,771
660,773
660,811
660,819
660,859
660,898
660,942
661,686
661,687
661,689
661,728
661,755
661,756
661,758
661,761
661,776
661,783
661,796
661,798
661,818
661,828
661,832
661,845
661,868
661,880
661,886
661,887
661,893
661,902
661,907
661,917
661,967
661,992
661,994
662,671
662,675
662,677
662,692
662,697
662,722
662,749
662,760
662,765
662,768
662,773
662,775
662,778
662,783
662,805
662,811
662,845
662,849
662,878
662,894
662,920
662,950
662,958
662,976
662,992
662,993
663,675
663,696
663,750
663,754
663,787
663,827
663,929
663,991
664,667
664,673
664,682
664,688
664,705
664,716
664,729
664,737
664,743
664,754
664,770
664,779
664,799
664,820
664,828
664,846
664,852
664,858
664,873
664,890
664,916
664,919
664,936
664,947
664,951
664,978
664,985
664,989
664,999
665,668
665,681
665,682
665,683
665,687
665,691
665,699
665,736
665,770
665,818
665,821
665,838
665,850
665,864
665,937
665,967
665,976
665,983
666,673
666,714
666,740
666,754
666,791
666,812
666,827
666,834
666,847
666,848
666,854
666,860
666,875
666,895
666,905
666,911
666,926
666,938
666,939
666,957
666,971
666,972
666,979
666,985
666,990
667,693
667,770
667,785
667,875
667,956
667,983
667,992
668,678
668,683
668,684
668,709
668,710
668,715
668,716
668,720
668,726
668,727
668,737
668,771
668,773
668,777
668,801
668,804
668,807
668,811
668,814
668,829
668,839
668,851
668,864
668,880
668,898
668,904
668,905
668,907
668,924
668,929
668,946
668,998
669,685
669,719
669,735
669,737
669,751
669,772
669,774
669,784
669,806
669,817
669,833
669,845
669,847
669,863
669,879
669,884
669,885
669,895
670,682
670,723
670,771
670,775
670,824
670,829
670,838
670,842
670,886
670,897
670,898
670,909
670,954
670,958
670,997
671,680
671,692
671,697
671,749
671,765
671,775
671,789
671,823
671,886
671,894
671,935
671,997
672,772
672,826
672,863
672,891
672,969
672,974
672,982
672,986
672,988
673,683
673,707
673,708
673,711
673,742
673,754
673,756
673,788
673,804
673,828
673,854
673,860
673,872
673,875
673,883
673,898
673,902
673,925
673,957
673,960
673,971
673,978
673,980
673,987
673,992
673,995
673,999
674,691
674,693
674,732
674,791
674,793
674,794
674,803
674,812
674,818
674,831
674,832
674,836
674,868
674,884
674,887
674,891
674,893
674,925
674,931
674,934
674,935
674,960
674,961
675,698
675,700
675,701
675,715
675,726
675,753
675,876
675,878
675,920
675,955
675,964
675,968
675,984
676,737
676,773
676,787
676,801
676,844
676,854
676,885
676,897
676,924
676,942
676,959
676,961
676,998
677,680
677,731
677,733
677,778
677,805
677,809
677,834
677,847
677,866
677,950
677,963
678,687
678,692
678,706
678,713
678,716
678,771
678,773
678,779
678,811
678,820
678,838
678,865
678,940
678,985
679,690
679,799
679,830
679,837
679,840
679,846
679,905
679,947
679,973
680,688
680,733
680,736
680,739
680,741
680,753
680,778
680,825
680,835
680,847
680,852
680,856
680,880
680,881
680,918
680,922
680,932
680,950
680,963
680,975
680,983
681,691
681,699
681,706
681,739
681,763
681,778
681,796
681,819
681,838
681,858
681,894
681,898
681,907
681,908
681,949
681,962
681,975
681,976
682,684
682,688
682,694
682,723
682,742
682,774
682,775
682,809
682,822
682,824
682,829
682,865
682,898
682,907
682,909
682,913
682,922
682,923
682,928
682,933
682,954
682,972
683,692
683,706
683,710
683,715
683,727
683,735
683,774
683,779
683,786
683,811
683,818
683,828
683,834
683,838
683,841
683,848
683,862
683,868
683,897
683,898
683,902
683,909
683,958
684,688
684,715
684,739
684,743
684,751
684,760
684,770
684,775
684,783
684,784
684,789
684,802
684,804
684,809
684,820
684,824
684,829
684,838
684,853
684,894
684,898
684,906
684,909
684,917
684,935
684,954
684,977
684,992
684,993
684,997
685,725
685,726
685,746
685,772
685,784
685,806
685,833
685,861
685,863
685,869
685,882
685,895
685,896
685,952
685,961
685,969
685,974
685,982
685,986
686,755
686,763
686,799
686,808
686,811
686,908
686,971
687,721
687,771
687,818
687,838
687,860
687,872
687,880
687,882
687,906
687,923
687,948
687,951
687,967
687,976
687,994
687,999
688,694
688,720
688,739
688,775
688,781
688,807
688,829
688,865
688,886
688,898
688,909
688,928
688,954
688,966
688,997
689,709
689,710
689,791
689,794
689,803
689,834
689,854
689,862
689,867
689,883
689,893
689,943
690,697
690,729
690,743
690,745
690,764
690,766
690,774
690,799
690,811
690,837
690,848
690,858
690,973
690,999
691,706
691,762
691,770
691,799
691,807
691,851
691,877
691,976
692,751
692,753
692,755
692,760
692,765
692,768
692,789
692,801
692,809
692,828
692,842
692,850
692,851
692,876
692,883
692,886
692,894
692,898
692,908
692,909
692,914
692,919
692,927
692,933
692,934
692,958
692,976
692,993
693,695
693,696
693,732
693,739
693,750
693,759
693,763
693,767
693,791
693,793
693,828
693,833
693,877
693,884
693,908
693,917
693,921
693,925
693,931
693,960
693,975
693,981
694,713
694,721
694,769
694,775
694,799
694,824
694,828
694,829
694,848
694,865
694,867
694,898
694,909
694,922
694,928
694,966
695,704
695,725
695,750
695,786
695,788
695,793
695,805
695,877
695,903
695,915
695,934
695,945
695,976
696,707
696,759
696,763
696,803
696,808
696,814
696,838
696,871
696,881
696,886
696,896
696,901
696,934
696,943
696,960
696,990
696,994
697,708
697,716
697,737
697,761
697,766
697,779
697,836
697,841
697,842
697,848
697,900
697,919
697,931
697,940
697,941
697,951
697,973
697,980
697,987
697,999
698,704
698,726
698,751
698,753
698,775
698,783
698,833
698,835
698,850
698,862
698,876
698,918
698,927
698,937
698,970
698,984
699,762
699,777
699,797
699,800
699,827
699,832
699,838
699,847
699,850
699,851
699,853
699,880
699,881
699,901
699,931
699,937
699,976
700,733
700,739
700,759
700,763
700,816
700,849
700,850
700,870
700,881
700,927
700,937
700,975
700,986
701,707
701,772
701,777
701,784
701,861
701,955
702,789
702,802
702,872
702,895
702,906
702,913
702,923
702,970
702,972
703,879
703,943
703,981
703,982
703,988
704,705
704,721
704,773
704,817
704,838
704,850
704,853
704,856
704,862
704,878
704,882
704,891
704,927
704,937
704,964
704,970
705,713
705,766
705,782
705,815
705,831
705,842
705,854
705,873
705,904
705,936
705,947
705,951
705,965
705,989
706,710
706,713
706,720
706,724
706,735
706,765
706,781
706,786
706,792
706,795
706,800
706,807
706,811
706,828
706,838
706,851
706,867
706,868
706,871
706,894
706,899
706,907
706,953
707,724
707,726
707,759
707,779
707,786
707,839
707,867
707,885
707,908
707,912
707,925
707,976
707,985
707,990
708,740
708,754
708,787
708,812
708,854
708,887
708,911
708,949
708,979
709,713
709,719
709,730
709,742
709,759
709,784
709,788
709,796
709,821
709,845
709,859
709,867
709,868
709,878
709,880
709,883
709,892
709,893
709,908
709,943
709,948
709,951
709,967
709,969
709,971
709,990
710,838
710,883
710,899
710,961
711,712
711,738
711,743
711,756
711,759
711,817
711,823
711,867
711,875
711,887
711,891
711,908
711,990
711,992
711,996
712,767
712,788
712,793
712,813
712,817
712,823
712,843
712,926
712,958
712,969
712,971
712,972
712,992
713,716
713,761
713,769
713,799
713,890
713,904
713,968
714,745
714,754
714,761
714,780
714,812
714,822
714,827
714,888
714,938
714,939
714,983
715,721
715,741
715,751
715,790
715,809
715,818
715,825
715,839
715,882
715,906
715,909
715,958
715,972
716,751
716,763
716,807
716,839
716,844
716,848
716,858
716,859
716,865
716,890
716,902
716,918
716,919
716,928
716,939
716,942
717,756
717,779
717,782
717,785
717,794
717,805
717,813
717,845
717,875
717,881
717,887
717,895
717,896
717,901
717,919
717,921
717,925
717,943
717,957
717,990
717,996
718,734
718,764
718,792
718,871
718,890
718,941
718,946
719,746
719,759
719,786
719,821
719,840
719,867
719,882
719,884
719,912
719,927
719,950
719,974
719,990
719,996
720,771
720,773
720,790
720,829
720,865
720,880
720,881
720,919
720,922
720,958
720,966
721,759
721,786
721,796
721,806
721,903
721,907
722,748
722,749
722,765
722,776
722,789
722,802
722,824
722,829
722,851
722,894
722,898
722,917
722,927
722,932
722,935
723,765
723,781
723,785
723,789
723,797
723,799
723,829
723,847
723,888
723,898
723,993
723,997
724,811
724,899
725,746
725,751
725,781
725,806
725,833
725,863
725,876
725,878
725,882
725,891
725,896
725,943
725,969
725,974
725,981
725,982
726,759
726,915
726,918
726,927
726,937
726,952
727,745
727,753
727,772
727,784
727,786
727,833
727,876
727,878
727,882
727,890
727,903
727,955
727,962
727,967
727,969
728,758
728,860
728,869
728,921
728,963
728,976
729,779
729,814
729,846
729,888
729,919
729,999
730,749
730,830
730,831
730,838
730,867
730,888
730,893
730,905
730,908
730,916
730,941
730,948
730,960
730,974
730,978
731,838
731,840
731,882
731,883
731,915
731,927
731,952
731,975
731,988
732,750
732,758
732,759
732,809
732,813
732,831
732,863
732,883
732,896
732,916
732,921
732,931
732,934
732,937
732,960
732,961
732,994
733,739
733,753
733,759
733,760
733,777
733,809
733,847
733,849
733,856
733,881
733,932
733,950
734,745
734,757
734,764
734,775
734,776
734,787
734,799
734,836
734,841
734,846
734,852
734,858
734,887
734,914
734,948
734,985
735,740
735,786
735,796
735,811
735,814
735,824
735,838
735,850
735,851
735,858
735,868
735,886
735,899
735,902
735,953
735,974
735,978
736,742
736,753
736,760
736,777
736,797
736,805
736,810
736,876
736,880
736,918
736,958
736,963
736,975
737,801
737,816
737,871
737,890
737,907
737,924
737,946
738,756
738,786
738,788
738,798
738,830
738,843
738,848
738,887
738,888
738,985
738,996
739,741
739,748
739,751
739,753
739,760
739,777
739,790
739,809
739,816
739,851
739,853
739,884
739,917
739,944
739,958
739,959
740,754
740,756
740,759
740,767
740,793
740,812
740,817
740,834
740,843
740,854
740,872
740,875
740,887
740,901
740,926
740,929
740,930
740,938
740,979
740,985
740,992
741,744
741,751
741,762
741,772
741,818
741,820
741,839
741,870
741,958
742,800
742,831
742,860
742,893
742,902
742,916
742,921
742,985
743,752
743,799
743,823
743,858
743,864
743,914
743,948
743,987
744,778
744,918
744,982
745,752
745,766
745,775
745,781
745,787
745,795
745,799
745,800
745,841
745,844
745,852
745,897
745,902
745,987
745,999
746,786
746,921
746,946
746,990
747,752
747,754
747,779
747,781
747,800
747,828
747,836
747,844
747,872
747,893
747,912
747,992
748,751
748,768
748,817
748,820
748,853
748,866
748,909
748,954
748,967
749,778
749,802
749,862
749,886
749,894
749,902
749,935
749,960
749,993
750,758
750,759
750,763
750,793
750,832
750,850
750,859
750,864
750,880
750,903
750,934
750,938
750,943
750,960
750,976
750,998
751,768
751,775
751,781
751,808
751,809
751,816
751,819
751,834
751,835
751,850
751,851
751,853
751,876
751,886
751,908
751,909
751,935
751,958
751,967
752,753
752,774
752,795
752,799
752,817
752,827
752,858
752,874
752,890
752,893
752,902
752,904
752,908
752,914
752,965
752,970
752,980
752,991
753,760
753,767
753,776
753,809
753,810
753,817
753,847
753,849
753,850
753,851
753,880
753,886
753,898
753,901
753,903
753,935
753,958
753,975
754,780
754,787
754,793
754,817
754,822
754,827
754,833
754,843
754,874
754,890
754,901
754,939
754,947
754,957
754,971
754,979
754,980
754,991
754,998
755,758
755,835
755,884
755,948
755,961
755,984
755,987
756,759
756,786
756,798
756,804
756,813
756,817
756,823
756,854
756,872
756,887
756,888
756,893
756,901
756,908
756,961
756,996
757,948
757,987
758,830
758,832
758,833
758,838
758,856
758,879
758,909
758,948
758,975
758,994
759,806
759,834
759,838
759,845
759,860
759,884
759,895
759,898
759,945
759,990
759,995
760,776
760,805
760,809
760,825
760,835
760,838
760,847
760,849
760,917
760,939
760,958
760,963
761,795
761,799
761,800
761,842
761,844
761,845
761,857
761,858
761,936
761,940
762,868
762,870
762,881
762,888
762,903
762,906
762,952
762,963
763,797
763,808
763,816
763,818
763,838
763,850
763,864
763,866
763,880
763,881
763,927
763,937
763,947
763,975
763,976
763,994
764,782
764,785
764,799
764,842
764,892
764,987
765,775
765,776
765,809
765,829
765,835
765,849
765,876
765,917
765,947
765,993
766,774
766,779
766,797
766,799
766,807
766,837
766,857
766,858
766,869
766,940
766,978
766,980
766,999
767,817
767,822
767,823
767,828
767,835
767,841
768,781
768,809
768,835
768,849
768,958
768,966
768,967
769,771
769,807
769,839
769,852
769,865
769,900
769,924
769,942
769,975
770,838
771,801
771,809
771,839
771,900
771,909
771,921
771,968
771,997
772,775
772,784
772,785
772,806
772,863
772,895
772,896
772,910
772,918
772,931
772,969
772,974
772,986
773,795
773,811
773,838
773,848
773,865
773,875
773,900
773,907
773,924
773,968
774,807
774,815
774,820
774,842
774,848
774,873
774,895
774,936
774,947
774,951
774,957
774,965
774,971
774,989
775,776
775,789
775,802
775,824
775,827
775,913
775,918
775,923
775,972
775,997
776,777
776,807
776,835
776,847
776,849
776,858
776,872
776,894
776,932
776,958
777,810
777,835
777,838
777,847
777,870
777,876
777,963
778,840
778,849
778,876
778,927
778,970
779,795
779,837
779,844
779,848
779,858
779,890
779,919
779,938
779,978
779,999
780,798
780,812
780,897
780,901
780,926
780,939
780,949
780,979
780,985
781,783
781,799
781,816
781,819
781,851
781,924
781,946
781,953
781,954
781,963
782,799
782,820
782,821
782,848
782,872
782,890
782,892
782,914
782,947
782,957
782,978
782,987
783,809
783,810
783,819
783,851
783,870
783,886
783,895
783,930
784,806
784,833
784,848
784,895
784,925
784,935
784,952
784,957
784,962
784,969
784,990
785,844
785,846
785,905
785,914
785,973
786,796
786,798
786,860
786,879
786,883
786,884
786,888
786,893
786,901
786,916
786,939
786,990
787,827
787,846
787,911
787,935
787,960
787,985
787,991
788,793
788,845
788,873
788,901
788,905
788,996
788,998
789,802
789,849
789,859
789,876
789,894
789,935
789,970
789,975
789,993
790,806
790,807
790,858
790,869
790,909
790,932
790,998
791,808
791,830
791,859
791,894
791,902
791,921
791,931
791,934
791,984
792,811
792,841
792,871
792,914
792,916
792,998
793,859
793,877
794,822
794,866
794,872
794,926
794,948
794,962
794,979
794,985
794,991
795,800
795,807
795,811
795,829
795,831
795,848
795,858
795,865
795,875
795,883
795,885
795,890
795,897
795,902
795,934
795,935
795,980
795,991
795,999
796,806
796,822
796,862
796,863
796,869
796,879
796,903
796,930
796,937
796,962
796,980
796,982
796,984
797,818
797,869
797,921
797,930
797,945
798,814
798,822
798,828
798,830
798,943
798,985
798,996
799,807
799,812
799,836
799,838
799,842
799,852
799,858
799,890
799,897
799,915
799,929
799,944
799,965
799,980
799,987
799,999
800,811
800,828
800,831
800,842
800,852
800,855
800,872
800,891
800,900
800,902
800,916
800,938
800,959
800,987
800,995
801,811
801,839
801,942
801,946
802,909
802,933
802,964
802,972
803,952
803,981
804,879
804,883
804,893
804,900
804,948
804,952
804,967
804,991
805,835
805,847
805,862
805,907
805,932
805,953
806,826
806,863
806,879
806,882
806,891
806,895
806,896
806,917
806,967
806,969
806,974
806,988
807,811
807,836
807,848
807,851
807,871
807,890
807,900
807,907
807,916
807,946
807,953
807,990
807,998
808,816
808,818
808,838
808,864
808,877
808,881
808,906
808,961
808,975
808,976
809,829
809,835
809,847
809,851
809,862
809,886
809,898
809,922
809,958
810,819
810,870
810,886
810,932
810,945
810,953
810,958
811,828
811,857
811,868
811,890
811,903
811,939
811,951
811,973
811,998
812,821
812,822
812,859
812,905
812,957
812,974
813,814
813,817
813,831
813,855
813,875
813,884
813,908
813,919
813,964
813,990
814,821
814,835
814,854
814,855
814,875
814,887
814,893
814,894
814,939
814,992
814,996
815,820
815,842
815,892
815,951
815,965
815,977
816,819
816,847
816,848
816,886
816,909
816,938
816,958
817,843
817,845
817,867
817,872
817,875
817,888
817,969
817,971
817,983
817,985
817,997
818,827
818,830
818,849
818,864
818,880
818,942
818,976
819,858
819,881
819,905
819,907
819,910
819,922
819,953
819,958
819,980
820,842
820,873
820,892
820,914
820,936
820,939
820,947
820,951
821,828
821,860
821,874
821,897
821,905
821,980
821,991
821,996
822,827
822,828
822,844
822,875
822,883
822,908
822,939
822,956
822,979
822,985
822,998
823,834
823,854
823,902
823,953
823,971
824,829
824,909
824,977
824,997
825,864
825,869
825,881
825,930
825,961
825,963
825,975
826,840
826,945
826,962
826,981
826,990
827,929
827,939
827,949
827,957
827,980
827,991
828,860
828,872
828,883
828,890
828,902
828,903
828,934
828,987
828,991
828,994
829,835
829,864
829,898
829,923
829,927
829,932
829,954
829,966
829,993
830,855
830,866
830,889
830,996
831,834
831,836
831,863
831,872
831,967
831,970
832,840
832,869
832,880
832,903
832,930
832,937
833,861
833,863
833,869
833,878
833,882
833,891
833,895
833,910
833,921
833,937
833,974
833,986
833,987
834,854
834,887
834,888
834,893
834,908
834,957
835,847
835,849
835,886
835,890
835,902
835,906
835,909
835,935
835,946
835,952
835,975
835,993
835,998
836,843
836,852
836,854
836,939
836,980
837,851
837,858
837,904
837,973
838,854
838,868
838,876
838,883
838,937
838,953
838,960
838,962
838,963
838,967
838,976
838,978
838,997
838,999
839,858
839,865
839,871
839,874
839,890
839,900
839,937
839,942
839,973
840,847
840,862
840,864
840,952
840,984
841,872
841,897
841,943
842,858
842,873
842,902
842,914
842,919
842,936
842,947
842,965
842,978
842,989
843,854
843,874
843,875
843,893
843,905
843,926
843,930
843,979
843,985
843,991
843,992
844,848
844,864
844,890
844,897
844,904
844,959
844,968
845,847
845,855
845,874
845,901
845,912
845,925
845,960
846,848
846,858
846,871
846,947
846,973
846,989
847,849
847,850
847,876
847,880
847,881
847,886
847,917
847,958
847,966
847,984
848,857
848,872
848,890
848,900
848,904
848,919
848,927
848,942
848,951
848,965
848,978
849,886
849,895
849,932
849,940
849,945
849,976
850,864
850,869
850,876
850,907
850,920
850,927
850,939
850,963
850,975
851,870
851,903
851,909
851,958
851,967
851,997
852,874
852,916
853,958
853,998
854,867
854,875
854,883
854,886
854,926
854,948
854,957
854,971
854,973
854,985
855,908
855,925
855,994
856,915
856,932
857,865
857,902
857,973
857,978
858,873
858,887
858,890
858,914
858,919
858,947
858,965
858,973
858,999
859,867
859,872
859,908
859,948
859,957
859,995
860,867
860,868
860,872
860,883
860,904
860,916
860,925
860,926
860,939
860,948
860,957
860,980
860,983
860,985
861,891
861,952
861,981
861,982
862,914
862,920
862,930
862,955
862,964
863,876
863,885
863,891
863,920
863,952
863,974
863,981
864,869
864,870
864,880
864,891
864,930
864,962
864,976
865,898
865,900
865,924
865,928
865,959
865,995
866,887
866,925
867,881
867,893
867,902
867,908
867,931
867,934
867,948
867,957
867,990
867,992
867,995
868,870
868,872
868,902
868,976
868,978
868,993
869,879
869,881
869,903
869,906
869,951
869,957
869,960
869,967
869,976
869,994
870,881
870,958
870,963
871,897
871,909
872,893
872,902
872,938
872,939
872,948
872,957
872,984
873,890
873,904
873,914
873,919
873,936
873,951
873,965
873,978
873,989
873,999
874,905
874,914
874,938
874,987
875,888
875,911
875,926
875,957
875,985
875,992
875,998
876,879
876,891
876,909
876,918
876,932
876,955
876,964
876,970
876,986
877,934
877,988
878,879
878,880
878,882
878,885
878,918
878,920
878,972
878,981
878,986
879,893
879,903
879,932
879,934
879,937
879,945
879,960
879,962
879,964
879,967
879,984
879,994
880,881
880,903
880,915
880,930
880,958
880,962
880,976
881,937
881,962
881,985
881,998
882,891
882,945
882,952
882,955
882,969
883,926
883,957
883,960
883,971
883,976
883,983
883,990
883,991
883,992
883,996
884,896
884,912
884,938
884,987
884,990
885,898
885,927
885,969
885,982
885,986
885,998
886,909
886,914
886,958
887,888
887,889
887,980
887,996
888,901
888,925
888,940
888,948
888,971
888,979
888,990
888,991
889,996
890,897
890,900
890,919
890,937
890,941
890,980
891,918
891,920
891,981
892,914
893,900
893,908
893,926
893,938
893,948
893,991
893,995
894,918
894,950
894,951
894,993
895,896
895,981
895,990
896,912
896,918
896,920
897,940
897,980
898,909
898,922
898,924
898,997
899,953
899,973
899,985
900,902
900,907
900,913
900,924
900,943
900,945
900,946
900,968
901,921
901,945
902,911
902,937
902,948
902,959
902,979
903,915
903,930
903,932
903,960
903,967
904,936
904,973
904,978
905,943
905,987
906,917
906,938
906,982
906,993
907,924
907,946
908,957
908,972
909,917
909,993
911,926
911,938
911,948
911,952
912,957
912,982
912,990
913,923
913,933
913,935
913,972
913,997
914,951
914,957
914,965
914,966
915,926
915,937
916,967
916,995
917,921
917,922
917,935
917,943
918,927
918,932
918,964
918,970
918,984
919,939
919,947
919,966
919,978
919,985
919,999
920,927
920,998
921,931
921,948
921,976
922,923
922,966
922,977
923,967
923,977
923,993
924,946
924,962
924,966
924,968
924,998
925,931
925,964
925,990
926,939
926,957
926,960
926,962
926,971
926,992
927,948
927,969
927,998
928,940
929,939
929,949
929,979
929,991
930,945
930,964
930,984
931,960
932,975
932,984
933,946
933,954
934,978
934,994
934,999
936,951
936,967
936,978
937,958
937,966
937,994
938,957
938,980
938,983
938,996
939,944
939,949
939,985
941,968
942,976
943,945
945,962
946,959
946,966
946,999
947,951
947,965
947,978
948,957
948,987
948,995
949,967
950,963
950,972
951,965
951,973
951,978
951,989
951,999
952,981
952,990
957,971
957,995
958,966
958,995
959,968
960,990
961,967
963,964
965,973
965,989
966,968
967,976
967,994
968,978
969,974
969,982
970,975
971,986
971,990
972,993
973,978
973,999
974,981
974,986
976,991
976,995
977,997
978,989
978,990
978,999
979,985
980,987
981,986
982,986
982,988
983,992
985,994
985,996
987,989
992,995
992,996
994,997
