id,x,y,k_limit,community
0,0.4888812106295341,0.228422173054023,32.130091118530125,0
1,0.7235438277056562,0.08960245777234443,53.032928654530494,0
2,0.48673257024746314,0.6019397415456778,20.812521671291094,0
3,0.771755862762896,2.086497175539081,29.807090269679737,1
4,2.606735008922026,1.996119159285069,24.432777617839882,2
5,0.7855800408604252,0.9272290410938301,70.6479926531109,0
6,2.007446860238935,0.36955983592275227,17.853171714530163,3
7,2.7689694885152027,2.644287735614845,52.3380129606282,2
8,1.6969450957867642,1.6125001606165168,54.11383754829449,3
9,1.949642006919064,2.2302301797879527,55.7594230762739,2
10,0.4494514109594871,0.8546838826781413,20.21517672097244,0
11,1.5062652761327227,2.518988497293757,92.33665732016263,2
12,1.951764306789318,2.7704485665806065,28.893396824465615,2
13,1.0930106022792758,2.283355770669728,24.12906689769239,1
14,2.604285087962888,1.0160112952005202,56.131986662940136,3
15,2.508749204453446,1.0742640801487109,68.2640345234779,3
16,0.7211893649766448,3.0717439314544643,91.39958875655888,1
17,1.977955966740427,1.287029880469334,126.89489543694417,3
18,2.9433192363816443,2.174759904933935,70.28065654847211,3
19,1.0083020104365301,1.6847347181924153,58.14169400202892,1
20,1.8953723385541301,2.8101790930989843,34.62851064415019,2
21,1.575906423845789,1.8125023586946807,30.50454417776654,1
22,2.6062982265730095,2.2930915804463816,160.27645230203797,2
23,1.5940846116584824,3.0977935638796334,27.38637519346296,1
24,3.1453234753198402,1.3375281472970542,32.359565018482755,3
25,1.264109749602129,0.7910792672079235,38.20274019618377,0
26,0.5639836343506757,2.291024714314248,47.600883452578614,1
27,1.6768011500209126,1.05733665640043,92.9930247642591,0
28,0.022982627099966554,1.9194807237677323,34.0785308383232,0
29,0.9283146367168631,2.9039500232230826,54.02639663085075,1
30,1.9095509413134721,2.7973336727711158,20.796755979501043,2
31,1.948591362235827,1.1965909585847878,59.238808905731105,3
32,2.297648564098137,0.10873561137876721,53.80832044172008,3
33,3.1199087800909036,1.7087264276401608,37.45601702275769,2
34,1.6229138199908362,3.0361413086796496,44.873281866683996,1
35,0.33631756401062535,1.1563524477621245,44.2895712794834,0
36,2.4444559508255455,1.5743034646799041,26.452834626178465,3
37,1.2383820442516,2.9822001351259675,68.73491679491661,1
38,2.7843959354959007,0.28026367618527975,65.40122231073386,3
39,3.06572863575269,1.3648840899953627,25.51817959830845,3
40,1.4498432297411905,2.272703673779113,64.40772927007875,1
41,2.2535686416899288,0.41335003536437787,63.81389548536299,3
42,2.9614378662747245,0.2563460569270327,46.71883844123187,3
43,1.9778118306836745,3.032554980747577,45.44857068294008,2
44,2.876064236342694,1.081594039889511,57.04855728842308,3
45,1.987561492008091,0.24362511314031526,31.353534251613908,3
46,0.612366321935435,0.6154265456812587,24.914073780516585,0
47,1.2302018180989776,1.4602381340378068,70.32282557211629,0
48,2.2430045279850748,2.3763486384673826,49.0588470984279,2
49,1.9319056124110412,0.2072779337202192,76.22095538012158,3
50,1.1101799708594073,0.38450670423862254,58.896699890141576,0
51,0.31330399579923857,0.8350976403221433,25.483287372975752,0
52,2.0060274401201332,2.883677976290355,79.42121484701913,2
53,0.2639719341455972,2.234637243662355,31.142611684920652,1
54,1.4614546790355882,0.7655263836550262,20.59110863065641,0
55,1.980238607387819,1.1551281211403515,25.613457311457566,3
56,1.430825472933185,2.4837689539704724,34.75425895137566,1
57,1.8004869551428528,2.5726058252115975,42.884804982275334,2
58,1.4294458123561968,0.8669166320322561,65.57085508359273,0
59,2.7754462665067456,0.2109798729583264,20.399801574884656,3
60,2.0344832313908006,1.0749299075489611,57.52256074540168,2
61,1.3015395115047457,2.539757760811858,108.55231998541157,2
62,2.743442169210558,2.2584745997202087,52.33869408764434,2
63,1.7309134530582355,0.9513169495089632,46.640682049611705,0
64,2.0125072682200105,0.7421468392104839,47.0802784788901,3
65,1.7625312969250762,0.7632667776252319,29.974564418667363,3
66,2.574054224713708,3.0688385239422535,33.15022258289643,2
67,1.5631815091143324,0.8876017748236489,61.33455556534959,3
68,0.18070390857781324,0.1207804750222855,24.440274764766816,0
69,2.202031778738463,2.7178032252945066,36.42700510083226,2
70,1.1542084540958,0.7234077021610743,29.219508712321147,0
71,0.004005348020769914,1.019794190947254,32.92072399480013,0
72,1.5468581703189426,2.1980048829831067,31.757869886500476,1
73,0.009567040865585637,0.49159658007252016,48.104639188922846,0
74,1.7141146957616333,2.0190811353590297,51.23503971431262,1
75,0.3144490050365081,1.6725053057400767,30.74315234304144,0
76,0.6828357148575267,0.7894997852729689,36.069393101303135,0
77,0.3896980012084031,1.447573779763846,24.982496988901584,1
78,1.5109868610703079,1.05119528654729,51.856146640004475,3
79,0.445663971016699,0.4214968316536212,23.534365578410043,0
80,0.4487095079479519,1.3430207138144925,39.795503496470104,0
81,1.275288571200525,1.9693497237178041,19.743776935020787,1
82,2.3162656506628907,2.7326965453262253,38.31314179855849,2
83,0.033415505355515185,0.05997526020645527,38.85259962888572,0
84,1.0095047897764973,0.08471719213203897,69.35504644676617,0
85,2.189335125476694,3.0443018988196977,111.11994025018204,2
86,0.19907709031932777,0.9002739026476844,27.540486112493628,1
87,3.016119424325303,2.3733909402264284,75.16747658075482,2
88,2.2228486507360894,0.30537944834726294,35.02762901492396,3
89,1.6346675752596267,1.7041644299344758,40.826580036367986,1
90,0.3617560882217047,1.3708067996666078,26.4265661191989,1
91,0.9523656690371369,2.0375978904740735,47.67859052736847,1
92,1.8504415546990163,2.575162623390868,45.56593800204413,2
93,2.8498368726025576,2.9234809291102075,120.94439346745335,2
94,0.8087137666091673,1.1915915663551584,45.62428109822939,0
95,2.6095042130997785,0.12021447419975295,60.187424757073885,3
96,2.702755181720565,1.789703522575158,38.84357345860744,3
97,0.7785037817887943,0.18193479042238028,9.4464284623442,0
98,1.3666359971212605,2.875104544421473,51.17059176025681,2
99,2.475527360519482,1.7438763094758667,37.310705300138544,2
100,2.3547625086837907,2.166344630829422,86.43015939417647,2
101,0.8373788965730306,0.9664941308669182,13.732322430450917,0
102,2.512755314025528,0.31004809849620824,61.02297336653394,3
103,1.1999977771929078,1.903835884584593,113.56892119357693,1
104,2.4818311566796507,0.4236641520943322,98.00010937380242,3
105,1.5341709078734556,0.06907222582821076,84.84765513935822,0
106,1.9064636834535735,3.0469476925515697,63.62997754508427,2
107,1.9387290232426175,0.8384274842595815,33.68217532213155,3
108,1.9961560410042676,1.9110106630358614,70.55637928853074,2
109,2.917564343669166,0.4185877804300918,25.0401241160912,3
110,1.610614548777216,1.8901347567412228,64.56042180780923,2
111,0.6547715755936276,0.9235816308807115,46.924721304197455,0
112,0.3049256127893954,0.19571036525446786,29.522210248442587,0
113,0.33380949921467523,0.502518146166982,40.7487548141326,0
114,2.3946322931031596,2.5218958936268168,37.04261671802188,2
115,1.875591096316036,1.3476344377209502,69.20447742515167,3
116,1.3781016790999696,3.0737250459555487,70.15453410865382,1
117,0.2602956156452067,0.5882281281045209,34.73026318151453,0
118,3.010056094260171,1.292158248244977,29.126239167704252,3
119,1.1696847016873662,2.904855431140558,28.472131144136082,1
120,2.217522145495666,3.0085718574732763,85.34479529505529,2
121,0.17753194682632298,0.33443274687748187,35.7642642823904,0
122,0.9427582403085037,1.1191876145975408,52.606127789885846,0
123,1.3003351019164846,2.330603968404174,59.87520824781274,1
124,2.1391379279949803,0.13754726325351957,40.59092492138759,0
125,0.3895320728273712,1.855870372139784,49.50020005289883,1
126,1.317397753935124,2.9788743868582435,40.61601297667359,1
127,2.9184616352678603,1.6340203678146172,59.14373695507157,3
128,1.3603426288727574,2.6827642896939436,75.65199345242566,1
129,1.6023740976053367,2.267587823745156,22.341747182167378,2
130,2.302478001966553,1.759992833007374,33.300100233789145,2
131,0.21026546527741397,0.25549380824600315,85.50614748559708,0
132,1.9359555880502062,1.75119083481216,45.8695120564539,2
133,1.1860742254317218,1.4844034049483306,46.27103724324351,0
134,0.4343071564398345,1.237986533108783,19.5759528078538,1
135,2.241899069600466,1.4700507773107008,29.94419975638596,2
136,1.431670018684859,0.6867930524785285,19.0520675132112,3
137,0.6995680248014573,2.5734553448797812,50.766027582397115,1
138,2.9139284054687353,2.4852713433527356,45.38646400206594,2
139,1.0559853612790346,0.9862887545610565,25.931398560995483,0
140,1.7017044037795923,2.5128386189089182,66.15108189854966,2
141,2.7020599554808404,0.5646001536161414,74.43268598845972,3
142,1.2840842616558064,0.33611619479154314,57.18055352930543,0
143,2.757971021238202,1.46540985646711,18.144212100522576,2
144,0.7688129044019631,2.075626104650588,29.92500648999956,1
145,1.2272766225327416,2.790453703045842,8.783905164830719,1
146,1.1978670666330822,0.1863547109569485,46.64639572097887,0
147,1.566749232947849,2.0812130325358487,25.130701841971568,3
148,2.895906770731023,2.0381532301419516,38.024600271242534,3
149,3.0512756668849272,1.143043328296377,43.35448419208491,3
150,0.9099487955040955,2.153317777962142,40.534277359397116,1
151,0.07134590691409494,0.5725603050159324,39.47058551424489,0
152,2.9561991743771627,0.7849394945797762,62.3147818554449,3
153,0.7556957937833323,3.102545844952639,17.816323256240704,1
154,0.7413257283067927,0.45483015299191404,47.338569941760134,0
155,2.6767770338559314,2.151233903751461,55.748227791826345,2
156,1.6933397752617605,2.053327925336495,44.29757048901009,1
157,0.8966288776918349,3.112014108558097,35.318778705343675,1
158,2.9757477084790964,1.517226152803175,41.95170270724986,3
159,0.04293864220603778,1.5812024967690064,42.65428266490099,1
160,1.0746932256783768,0.5899382070893782,70.18703393803848,0
161,1.6998908941950872,1.1390010760051152,78.2029549347633,3
162,1.7334218976477465,2.2926741434777833,79.50887941398126,2
163,2.256347428083685,0.8354151578657526,67.22162009413566,3
164,0.8325119764508819,2.8565309895820126,55.4889291929332,1
165,2.6429240466734947,1.6509361096713249,38.46510015227746,2
166,0.8122159965683605,0.3698622699912565,57.8951500888059,0
167,0.24770818625058133,0.3949840871430857,28.02124602418752,0
168,2.5420791586189297,2.3057433136034113,66.6117559900703,2
169,1.0905818609559301,2.813160265883413,40.78338068905881,1
170,0.17753988318112243,0.43398567894722545,33.397338206629776,0
171,2.995629290422357,0.07509872286221508,54.03880360608055,3
172,1.6101760950668962,3.082376948168043,36.124550594748484,2
173,0.162358517059543,1.1907787205782083,48.64355321089751,0
174,0.6554463805834203,1.2620110627987997,85.46512536065184,0
175,2.0929213037972723,0.36815201462915403,20.389991023520246,3
176,2.2708309058457816,2.1486497544431353,53.42451000916667,2
177,0.9201372020540673,0.48324067001093457,27.178078885238175,0
178,2.559015262051751,0.6109354154180051,40.889457924202354,3
179,2.6167033741577015,2.59773061300861,52.288650191850664,2
180,2.166592995448155,2.0322951706320453,73.29157622664874,2
181,2.9190744689359223,1.998244636548512,27.055119959659905,2
182,0.7940033554812923,3.113623458085832,70.41782257894577,1
183,2.580899202036191,0.8590869914735918,54.27410899054681,3
184,1.9283899412169359,2.9514019153827316,26.092668297292413,1
185,2.935154390909246,0.32273723690923695,59.99055100890683,3
186,0.014644418360646968,2.9158182505424852,12.796339028137433,1
187,0.8112679205611456,1.0371417626539647,62.0996487734861,0
188,2.2562329511329597,2.3811369708684293,63.510725450819265,2
189,1.8549523414297766,1.6045522495302704,84.40986038015687,3
190,2.9308696853856393,0.46309251889383324,20.925645621246964,3
191,1.4106236822321179,1.474084325987274,30.204427013859195,1
192,2.205282926286675,1.992387724505186,29.504886449885888,2
193,1.191847806393386,1.3753702884594432,45.19020739508315,1
194,0.7100533374390102,0.10165248040081454,38.524649212098204,1
195,1.243111784945398,1.1302714494329624,47.70710311643392,3
196,0.22008037143438341,3.01037792281332,29.79394960490398,1
197,1.2826675256431261,1.8687085547630375,33.085710536357745,1
198,0.7944189102049263,0.14595629935857923,30.65332889229651,0
199,1.4221806075674486,1.240155714182028,49.07859948632342,0
200,2.369664570603978,2.7621769789583994,68.70716717473157,2
201,2.2469143680257475,1.006513368191636,75.55402341185626,3
202,1.5319854991762174,1.557552780189193,64.62707061658415,3
203,1.4111188628340603,0.9402105428961184,43.11276883850754,0
204,2.1214694152028573,3.1151740145955604,25.74247239339062,2
205,0.49875712625004925,1.8702229552567926,80.62397146260993,1
206,2.3011881506978455,1.3640626125534483,27.36668278333862,3
207,0.8827056342670081,3.0793381387258383,28.708490845554696,1
208,0.7951969748145072,2.973453592340194,65.01320133271669,1
209,2.842753177207213,2.2236444123769985,39.94194363056861,2
210,0.48140982702035046,0.1721900516552068,23.51398679842879,0
211,0.35562692462795426,0.021664600869145026,55.59253609575167,0
212,1.7620053929048722,2.906606685020902,70.13881006744644,2
213,2.834557991603623,0.8193907221794791,138.6063643968151,3
214,2.2487139245778383,1.3504554807472597,69.25216549043881,3
215,1.1607084193224377,0.41376727075972336,22.87965972608663,0
216,1.5928780337494097,1.4595534780077064,112.63454576998367,0
217,1.4357932229316943,1.048332318771139,50.987208006561396,3
218,0.5880455549493415,1.9184914498165047,14.762136860819226,1
219,0.11032413009469326,2.2602376073053896,30.334533335233235,1
220,3.0689721625189486,2.5249525942109066,15.957474070884702,2
221,1.4761318014561569,1.390195453888619,54.40576050816866,1
222,1.8660633199552037,2.7091436208072777,38.793709148383215,2
223,0.5227278930765143,1.329793293257178,66.16985980572152,1
224,2.0413202753584443,2.887346767111291,78.71122211078945,2
225,1.3054143676534429,2.5450119687428625,31.45537450141189,1
226,0.32162591524209017,1.6043287816502612,74.97307243053379,1
227,0.3255778271992179,2.9948141029446607,28.717258879837857,1
228,0.5416568553538905,2.014144370844178,35.507379179596434,1
229,1.7623374307207098,0.6728041315504582,50.60853531571181,3
230,1.5938675054536149,0.6495462238407491,57.545080427340096,0
231,2.6094676268063277,1.5028792023174244,61.94008421918208,3
232,1.3218613592085724,1.157346267801382,22.734408612376765,0
233,2.8916575059806235,0.8893757806635461,26.251431922317312,3
234,2.6872732867141114,2.825800036604139,59.400907244525186,2
235,2.3312576144264376,1.2382761874696007,53.90186965648816,3
236,1.4754369017656297,1.6534898540325156,84.76152060825629,2
237,2.5826366366519204,2.4479350466279666,65.6616974255292,2
238,1.7873853001973627,2.764971984526419,36.215797685645484,2
239,0.669913051289916,0.37261863138494683,48.491083708465226,0
240,2.876332190558386,2.362217479042606,56.00779076354636,2
241,1.467614503015201,2.4153962192107157,91.38153359090299,1
242,2.2244591208244806,3.131310936564157,44.11781701305986,2
243,1.1626095860398458,3.0405907862975976,64.09392146684546,1
244,1.8428139891981261,0.503295317101283,32.16592536655117,3
245,2.428091965165857,0.4385937909554214,39.90409263156451,3
246,0.7069436981260772,1.4250222435979865,25.355456506649084,1
247,1.5300693009227602,0.5700697055603517,36.27482676597404,0
248,1.4477553481983487,1.711755975003059,32.5519343350776,0
249,2.711565672237272,2.6947985467074007,78.123936834844,2
250,0.91759437104878,2.111484449772081,55.21332638931918,1
251,0.31154676377070256,1.9572363528716854,23.833030475438036,0
252,2.675721303675686,2.651341377024701,28.752709905457905,2
253,0.6392081428026315,2.4675115079005603,45.98832461296999,1
254,2.653986070927866,2.8622250493980523,86.65596958260957,2
255,2.817533460803287,1.9240913293118032,24.59420123603883,2
256,0.007716934372850369,3.0013386854775934,75.09352448286043,1
257,1.6590819621830428,0.6672062476846734,34.15765683193363,3
258,1.3722776198264959,0.4199104119536975,44.530817909956134,0
259,0.185453113775769,2.6775396288451923,68.2785808529814,1
260,3.1280455019041753,0.785260543086715,43.48548831829196,3
261,1.822500524197335,0.13713511088397157,46.57742169771516,3
262,0.7394973668678555,1.074803145672675,76.2851127133513,0
263,1.8136393673253197,0.13109344338232973,47.24867990773772,0
264,1.908134996153645,1.3902425665324405,22.235343939813436,2
265,3.0956158058212657,0.8907605516108863,53.53847295551907,3
266,1.446934354647056,0.2981391537458762,38.99547039420745,0
267,0.8291703851509613,0.6215744202538046,31.433348566344936,0
268,3.1317903890519068,0.990561097683592,56.6546581167248,3
269,0.10714362429758086,1.524044147819067,51.83437335929472,1
270,1.6639689956893766,0.5635817355492792,43.22984972697279,3
271,1.10344942199414,1.7555335766072113,50.1458909734779,1
272,1.8159926938906603,1.7189592641350777,88.5232303738149,2
273,2.691189185312303,0.38574199543040705,64.42529133062044,3
274,0.04299139651434396,2.073178114487656,26.239718007375778,1
275,2.256240418274233,1.897583032471197,50.25731102869904,2
276,0.6281374722387242,0.46012988963089646,24.786733334709442,0
277,0.2343475264178858,0.0393105792555126,66.59999611550158,0
278,0.6468950352541164,1.121030562965699,26.336660919341224,0
279,2.39901877534339,1.3825659213083055,13.384237296268852,2
280,1.8926494318980995,1.182505942246855,48.76292032934212,3
281,2.6724617545277902,2.2032840131159674,61.100011510410006,2
282,1.335259261359995,0.09326887897835773,38.072578667482524,0
283,0.4347516663513398,2.2248321383084546,52.19779967576612,1
284,0.518905255607729,0.3567585886010855,20.605193295622136,0
285,0.15551277437982297,0.39144599890704196,33.15785562638012,0
286,0.027463562687958198,1.3222103235568117,36.24945376607,1
287,0.500201279756467,3.140820637159689,36.11892492588803,1
288,0.971265272196934,0.9108713165441635,81.67487576774968,0
289,1.2879920976458292,1.1425466204763304,32.42132970958858,1
290,2.2197596924014147,2.0942820066448755,50.74552846328533,2
291,1.4579120984441754,2.1818045406664535,54.65656446291966,1
292,0.5145949408005758,0.7352904230336146,90.60656154642187,0
293,1.8090060390582667,0.3057535532814646,58.18304094215928,3
294,0.08357574178087077,1.0572186692674639,77.49078694447209,0
295,1.0981574086891042,2.321336986284451,22.879685312499163,1
296,1.9731017919926876,3.054020246593725,41.65207899220162,2
297,0.861561023746892,0.011293557123573824,33.37972672197188,0
298,2.03606173038813,0.470968195294022,32.99781770604938,3
299,1.9345572713362256,2.067564147587235,40.92564799918901,1
300,2.4618344636729796,2.7205310971028567,50.42011133313519,2
301,0.9200271460381424,0.4652424225493425,34.94329038072351,0
302,0.49860326432756674,3.114082999011731,20.073070237072116,1
303,2.221135139268665,0.4646619683456038,42.485247646797426,3
304,0.8931411966293188,0.36738585540219093,31.491970304906243,0
305,0.8339401878224026,1.9750317551587355,24.151765151664815,1
306,2.5449766532225335,0.5936160731248565,40.916899173846,3
307,0.3989202566707759,2.719579909580521,33.52600179720444,1
308,1.4197368608757812,2.6269209905398623,21.121065310514354,1
309,1.937094949200154,1.1842720790626877,31.979905405637677,3
310,1.1929358355848803,1.5362082608770453,37.55221790341387,1
311,2.3603667277668285,1.1755177065377118,40.89334130071647,3
312,2.6736282394723365,2.210388536304616,49.024238246511956,2
313,0.41823884135405154,1.2235185463137448,18.36078521750286,0
314,0.5332607894194485,1.5340781065854778,76.28057608391843,0
315,0.2236243034363776,2.3306019171943038,32.34774127986349,1
316,0.556163482799649,2.9277394304680837,40.01965623217455,1
317,1.8066608960416415,1.2316712750529437,23.342336584456064,3
318,0.14440532040426873,1.03471525178215,45.20053143132155,0
319,1.0375282095244325,0.38717117199692896,55.5358075371987,0
320,1.6970020245640216,1.1303614523985632,54.243312127590826,3
321,1.98107883514453,1.3563141577866207,46.620716262881196,3
322,2.9489534453975335,0.45920560618875167,93.20845759808145,3
323,1.966251301423589,1.026577127679812,33.937341905042864,3
324,3.126030905255118,2.6858203680471915,99.377374766016,2
325,1.2454455833915548,0.9197740803204713,32.99240732537763,0
326,2.2280341683882434,2.0977009271544076,53.19227869633703,2
327,2.624220976009014,3.127595672227072,28.570955748412093,2
328,1.6385321037177096,1.3140569595366287,56.90559063113333,1
329,1.4742473115780832,1.534945386574989,47.785237733284156,3
330,0.390334067816129,1.7629360931948073,31.524011004047466,1
331,0.9837754815689685,0.8544313179339975,38.335642267383676,0
332,3.036757869189104,0.21185891530399978,61.529866802287465,3
333,2.455436818658461,1.89720480739443,34.73605186042484,2
334,1.3787564600815294,1.2349080813776734,31.11047581672745,3
335,1.4037631741733418,1.8431887635621584,82.29903380867569,3
336,1.3269254401915855,2.3387789950441356,67.71363365092095,2
337,0.8756247726544356,0.5657697534121257,23.67401709770071,0
338,0.5897537216324115,2.9746743737643286,60.27608285367694,1
339,0.896226199163738,2.298167602416279,34.5078935009017,1
340,0.343913533217359,2.41107494204566,32.12097637749853,1
341,0.00684873279244404,2.728325743477919,31.768402891733782,1
342,1.3326935320277682,2.59010334992496,27.631409660260815,1
343,1.4491037327815373,2.5746660408698294,46.47521778003212,2
344,1.180489810013287,2.6922699438367625,41.78668756360221,2
345,1.400344548931697,2.070354607760949,87.78652113950407,2
346,3.095622555813469,0.8413514277122702,61.35578316931322,3
347,1.916799231762822,2.0597989359178683,53.08551150725555,2
348,1.805956159521396,2.226560131774226,61.56387935204142,2
349,1.111532798750949,1.4033021436093507,46.108065188311315,0
350,1.0720485225787775,2.5645105695424135,67.15304573951649,1
351,0.8521080836821493,1.1831993036251616,30.44422982387108,0
352,0.1416946964108432,2.395222162924364,22.8666806457056,1
353,2.960901935244948,0.5384039543352078,73.65734155431944,3
354,1.7500541111915584,1.7486713976154105,80.65330693246958,2
355,2.5568781183013276,0.9492334106407412,52.305632128060424,3
356,1.3405326494575713,0.16458699853564066,43.80707997765942,0
357,0.979844283805244,2.1298645170805965,26.296229163683844,1
358,1.6193789419311013,0.4070481556046513,92.07592238484703,3
359,1.6708518974438857,0.8656870763197674,45.19699669694742,0
360,0.20119289968819445,0.12961848531610246,44.319698531233044,0
361,1.554536864410183,0.1904183978604752,41.16353416052038,0
362,0.17824836728218,1.671981348720457,12.540647835789041,1
363,2.4360450991439695,2.171918580603299,26.359266821615634,2
364,1.050826582267083,3.06417490524559,53.773341157520065,1
365,0.011120279756192288,1.632121961954726,63.47760340581198,0
366,0.13756644080357952,0.04562401411978232,29.98920999605068,0
367,2.7766089881184146,0.8595453065295833,53.679676231179265,3
368,2.965815447030712,2.014222708164671,49.84213811084398,2
369,0.49713770866231527,0.03812506753628609,72.32547383456739,0
370,1.2199334596312355,0.4076775778960937,42.28932110436308,0
371,0.0970364160021592,1.8394545543783887,45.54800681012873,1
372,0.9813752714125691,1.7102104335505326,45.81340133954967,0
373,0.1554710896070113,2.1763362666999093,51.9509822366924,1
374,1.5838232287459968,1.2078952247166268,62.493151330855795,1
375,1.034033401583504,2.316729448421804,110.91242118679573,1
376,0.7776686954826209,0.28856004439349725,42.21127273261532,0
377,1.1276104976931283,3.0196143240957714,30.44684568393418,2
378,1.5138986376772785,2.0171431953239396,51.62860409682363,1
379,2.9385256741700503,1.4153627783152023,37.087272756526914,3
380,2.0086238173580577,2.4506991811852843,46.13135481813636,3
381,2.181417535897707,2.711078881117747,81.19392114743917,2
382,2.814804113278522,0.22443401087169632,30.496741920150047,3
383,2.235127003195099,2.6482624643728707,24.175153553167913,2
384,1.4088039901112086,1.5686407230523614,81.5365890306116,3
385,2.6893952229647553,1.9158517415067853,30.784469779921512,2
386,1.6544324445223675,1.4679379535368078,18.925115800179558,3
387,1.6533943148884513,0.48587854271392494,30.584118812164828,0
388,2.6277859166773663,2.547335947227438,39.22310800781794,2
389,0.7700164593611117,2.4309493091062593,34.869384983120945,1
390,2.6127780511303627,1.9023036795673274,26.279722485883617,2
391,1.7209636402246333,1.1149211016266456,43.69482554582546,1
392,2.5899589931763005,2.0090679079364953,68.21478038831748,2
393,2.0582182627175905,1.526950375879986,40.841974876618956,3
394,0.08538530733431342,2.3135237154804016,42.358468211457016,1
395,1.6739257394625813,1.3417170116004373,58.6712805045864,1
396,2.842628585781651,0.5392046102931901,29.124672111970543,3
397,1.3240880216198023,2.4880604153964265,34.65503069152461,2
398,2.5990336640697156,1.942217903566946,40.20516219373158,2
399,1.7402279888178724,1.6910995585240503,85.98599122028595,3
400,0.5424546244846641,2.9829534727074316,66.67536951934873,1
401,2.098661253788706,1.2801130993697065,34.71123091256346,3
402,2.859866615720292,2.754886431554026,54.33445760088111,2
403,1.3847839679818128,2.420823696130895,27.150607464833797,1
404,1.0914312440300629,0.008805225803402454,118.08025229102174,0
405,2.151905306031466,0.6706575968969833,52.502692973585106,3
406,0.9022922893027735,2.7166182693002527,14.346885896888365,2
407,2.847949806519757,2.5966676584865684,60.16738425092998,2
408,2.304185510983622,3.0735463082701475,66.1913211881905,2
409,0.684266207852759,0.17046806192990024,38.162966699682904,0
410,2.6321652883029287,1.898381028294302,51.13421621139349,2
411,0.7034606005006081,0.5309834114287661,100.2691791030816,0
412,0.8811300788205695,0.2480217199708982,96.41271953465755,0
413,0.2046234813432316,0.5972250726053446,35.68898731097693,0
414,1.0650516562398284,1.0047750787129661,67.11059714262716,0
415,0.21459183918545424,1.268280259856992,34.1074795211419,0
416,0.4017685175667907,2.7237391501572112,28.247179385262207,1
417,0.34205258162092883,2.621492684893048,35.04569876119488,1
418,1.1502180625740317,2.6839609957592416,59.89747949362164,1
419,0.21494664230788046,2.2111188631345478,33.374893565907826,1
420,0.47475024088757883,1.1256997866694074,65.57142078989341,0
421,2.9455036902640086,0.822030578104586,46.499332715891335,3
422,0.09586413647636391,2.444840687749796,55.88895754158668,1
423,0.524236020917399,1.8107047414912747,45.66283042803624,1
424,0.44992244175146195,3.0235153246523256,41.50253337002935,1
425,3.068427297308126,3.0694876335840067,15.48592661673509,2
426,3.0898738045854115,1.1215094959725391,69.17243113124776,3
427,2.944167425892157,2.811559496495759,52.6828025514399,2
428,1.9021155381113268,1.8891552850929465,28.465788245101205,3
429,1.902363697674152,1.1680162632658637,37.718966503244296,3
430,2.42388251914265,2.3607417668127533,42.77644092812025,2
431,2.4134875172295414,1.3533993030325735,63.83296693961278,3
432,0.8553408407278618,1.193404046884027,36.10451235822085,0
433,2.6596138814713046,0.35963535445988837,53.98435755733683,3
434,0.6629371922446621,1.4068005482977606,56.03835333230848,0
435,2.418579311399057,0.6930635616517818,57.81452836531109,3
436,1.7270455206042907,2.4659088079510454,67.33060878215106,2
437,0.24478882317383302,1.1512235609403314,74.68469515843991,0
438,1.8930720361982354,0.8456944599847687,27.28482478660753,3
439,0.46373416127245826,1.6388356717943968,52.63245959818177,1
440,2.9994178022414593,1.9465125203927336,24.839771748705306,3
441,0.29330456962514456,1.3403761933153295,51.98899275247093,1
442,0.47409293271335523,0.22448372339594547,25.623370650582462,0
443,1.3060049462479166,2.9754067061159004,18.446468098050197,1
444,2.4921938241081736,1.9975296961653977,35.65614070720789,3
445,0.07121877898958241,0.2454629338422001,69.68349918166275,0
446,2.248281366670643,1.8746134472810996,53.548872583853196,2
447,2.9493119227645352,1.8265812442570952,31.87729499616105,3
448,0.8062193793999938,2.104087020150759,75.60315568682218,1
449,0.6872038838145528,0.4077733558441845,43.723478205943294,0
450,0.932544073133076,0.4426926416016772,27.52400793846938,0
451,0.2149428892844546,2.66129294625346,30.613093983347078,1
452,0.46999194140861433,2.2837139737561563,48.62682696268785,1
453,2.5212069363596665,0.33094912092255946,67.76605432383069,3
454,2.5122775812919285,1.650651686700167,77.0358134015179,3
455,3.1445190118442548,2.7626040049709872,25.234152719452265,2
456,2.4582061473458157,2.6348435947821076,35.7015526243343,2
457,1.7070579204893055,3.0298972175390513,44.73601498317176,2
458,1.6907394955127695,0.9195614016948245,72.84654132525772,0
459,0.6654490210388845,1.507716942670042,26.31321015717069,1
460,0.6208897452901873,0.7252814401367097,62.37617833279525,0
461,1.276784573468316,2.098225266796933,45.48722971973077,1
462,1.0430716216091578,2.0608263125952555,55.57409399959077,1
463,1.6378830390882548,0.8506024777822736,22.3998529313226,0
464,1.6640746070539945,0.6659190938225342,40.50552986284136,3
465,2.1769008278704485,2.217389662251036,58.25441366658092,2
466,0.7942033757721038,1.2010059995225781,33.930021177210236,3
467,0.7640622387771492,3.148705810705544,26.93076925160043,1
468,2.1919025551652083,1.0639536776103624,28.10017665223002,3
469,0.22469206810356743,2.6201799804218115,46.03155495452504,1
470,3.1400727704483473,1.102909345489439,31.008179998846607,3
471,0.4704906052208445,2.2530991679153245,71.08107761914069,1
472,1.9483535129852125,1.477619012245193,23.95887365466455,3
473,2.490758368146314,1.3199595612266217,36.666640364984296,3
474,2.27024056941332,1.3857115247426004,80.02662913943536,3
475,1.4889567650847633,3.1326416880778347,22.973524577609755,2
476,1.354873239062274,0.8646773500401013,66.05295190913895,0
477,2.6732719869629475,3.0054582211374568,23.355278355888807,2
478,0.40120522831575123,0.7927066135184099,58.484816831202885,0
479,2.2058670222775727,1.495219116832348,79.02528349890403,2
480,0.9289374238773082,2.882167646673353,23.258030579323368,1
481,2.5641180163564936,2.7919159713519552,25.676820508392055,2
482,1.1696872491825387,1.8223117182543214,35.21517744437459,1
483,3.111371458686986,2.398235473080438,28.555554547889958,2
484,2.583015511228107,0.02087758393785539,79.19562968710187,3
485,2.8591657678390345,0.36545691851737405,66.86388157887454,3
486,1.3870720544606787,2.1039188386705767,60.44704194189009,2
487,1.0315453489106956,2.034679812280532,33.390098352739635,1
488,1.8126152460855267,3.159643004767985,41.15899789446957,2
489,2.2948446463102448,0.42877335535799666,65.51196631732806,3
490,0.3716368382996891,0.7099774769006398,16.963090298671702,0
491,1.7436001347116843,1.5920625952494496,100.29807076566131,3
492,1.9189210757602533,1.8323781853900583,62.53713485477058,2
493,0.8936336911419381,2.4627648294289397,44.833565481524474,1
494,2.7243839812203405,2.910324449815589,45.86702739455268,2
495,1.2652236472955087,2.948754006421732,38.13493743739404,1
496,1.295907006869496,2.119857107817687,46.67524674642616,1
497,1.2540224341595407,2.7486289919452624,29.467357686154198,1
498,2.4110906278904594,2.4813568953153293,47.034393108049684,2
499,2.658428915842477,2.4892923812567567,95.9558869810076,2
500,0.08334621544399425,0.7120261800783937,74.1190215621542,0
501,1.0627470934023933,2.491473895491424,45.224052744090116,1
502,1.1600025079958478,1.9418753676962113,41.77810191803173,1
503,2.1699050937870212,1.427860420040492,37.613619201068694,2
504,0.08470857320532224,2.493800001755459,56.18721028740312,1
505,2.2312027935549814,2.881580465766974,43.026715269868674,2
506,0.9323066265867622,2.9682256487835854,38.51254113570579,1
507,0.12439151272098603,0.7728479665096548,52.284899194395415,0
508,2.1783367411535486,1.6790633682509977,33.1384164019164,2
509,2.7761835372693118,2.0559504765481234,78.78443918668445,2
510,1.4618552407486152,0.3961244799580271,34.93199566725454,0
511,0.10279354756397406,0.9060932448710367,48.720507617470325,0
512,2.3966487370118164,2.3480057546973385,21.727356647228163,2
513,0.756937851231724,1.0006772794604926,26.3270428608543,0
514,2.330806054340485,2.512689561650289,48.485587012577945,2
515,0.581484726156616,0.744664184598951,36.349383216622094,0
516,1.212333785680296,2.924763911513355,32.27222951536307,1
517,2.199835635261438,2.0946155415957297,66.38985358371328,2
518,2.7162920251914255,1.1985007216142183,19.16143012585351,3
519,0.9387268867087298,0.5003135749076262,38.84569040474664,0
520,2.289189544932011,3.0982259193349955,124.73934974229114,2
521,2.817640219893511,1.2893922401837667,21.322649739512652,3
522,0.538341821952758,1.880855688454627,42.855440798958774,1
523,1.6114426998124949,0.5639997822273243,30.173308206953962,3
524,2.557680270613849,2.4734821028697414,41.388786530308785,2
525,0.8573811610132852,1.3092683594749246,58.53317023744442,0
526,1.2714530820416625,1.327911077729495,71.60772394539885,0
527,2.12649672844475,0.9137780005854781,37.754743363512986,0
528,0.2737561180930358,0.0036632866783009536,93.59469052271336,0
529,1.577025887355366,2.6875259528281292,83.92511266912103,2
530,2.8439668866244854,1.2195311036734295,92.28155743806268,3
531,2.4178719825349124,1.3370240529271518,82.73172106799248,3
532,1.0533174818114124,2.9225713242413796,54.35856584614447,1
533,1.280723848572933,1.5200170829553525,31.478444609174346,1
534,0.13780264452684335,1.1759204359114777,68.2714876184688,0
535,3.128394123028557,2.4127496870965275,44.553796204399404,2
536,2.755097560156616,0.10391876027908051,58.05978567788505,3
537,0.7563968595182553,1.7453780693773795,25.29842342799895,1
538,0.4142867240227642,3.0099894185498157,42.98863915630301,1
539,0.4557992737038455,2.945793961455247,38.34736803503552,1
540,3.146281411341954,2.206308527567698,32.47981036901963,3
541,1.6127828678083995,2.8179608059063326,45.018621993609514,2
542,1.8730151554580305,1.5104969681092981,21.914969786537412,2
543,1.0094288816065566,2.1564939715717086,88.31079540882006,1
544,1.9463041456060877,1.5206350439417493,60.0706168936047,3
545,1.5074552477132839,1.0592364604916487,29.70583380819466,1
546,1.1788010338634254,1.2817230350846351,26.221999319172294,0
547,0.08170386567650884,0.42387200805820735,46.55636056401283,0
548,1.614665224448651,1.7945681244297653,66.45150794785901,1
549,0.559658164519521,2.3695489635623654,36.4776506686734,1
550,0.2900014849305604,0.9992818911733333,39.72347320001175,0
551,1.105925501040852,1.2769252357737302,28.17722445107376,0
552,2.415516648200462,0.6531356598388617,38.933512260023775,3
553,1.3353832402141346,1.9662022815416893,86.02696442543078,1
554,2.047151785723195,2.4481712041831796,39.646843924970796,2
555,0.7342749699117935,2.0420288185888316,47.70423729146392,1
556,0.27942677086619255,1.6374115588598732,45.73909130444186,1
557,2.664723262475318,2.4968217870433738,51.63017974030142,2
558,2.967683783260424,2.695894476016881,55.78143398253438,2
559,2.3238733705972496,0.03373872008270488,35.842682782288875,3
560,2.8030493561614374,0.13806235196603395,27.54590904375978,3
561,3.076320724173352,0.9686112075189306,46.44301866614515,3
562,0.2751646556312128,1.8293871986322547,23.510905461254513,1
563,2.0824167622484073,1.6682668982877553,40.33243710263535,2
564,0.4310194456627456,1.3532509031828417,54.91101221599649,0
565,1.8706087246109013,2.563323239414642,21.755981643893147,3
566,1.5714054398873232,2.941626997215598,62.62941633534619,2
567,0.27967103553320033,3.1205172027778256,70.57934866809565,1
568,2.4486398529904903,0.6590912751563522,47.95998961844626,3
569,2.216263140019113,2.5251523497397206,60.90039212976841,2
570,0.18240160674541986,2.1020052478709075,74.71852198293831,1
571,1.5454538667550461,1.1004898804948526,65.4765495319922,0
572,2.301576326838546,0.09771685636185495,53.39062244443667,3
573,1.0327175499728225,2.720389060610303,31.51022911606424,1
574,3.148330204010781,0.1718160283717176,24.91231095857431,3
575,0.6827608672755395,2.419239372381638,44.802604187793634,1
576,0.6327876459108868,2.719005272453936,32.33169639529098,1
577,0.6777124378151812,3.0733174212404575,48.03452761056592,1
578,2.4042646731659554,2.509080583825758,52.39829144903195,2
579,2.2406469716401274,1.1288075534295556,16.629309307133123,3
580,1.107558261679244,2.9553407796352693,47.45485662683033,1
581,3.128730922416595,2.6079994501317016,117.4442761083304,2
582,1.812946703534034,1.458075030036596,39.657404737833076,3
583,0.2877234791285985,2.2228430400177226,103.97054611297672,1
584,0.3720506386986556,2.8129082301205326,44.051414831791895,1
585,1.8419475806963805,2.0097333425203607,50.407287673938754,2
586,0.868011747052223,0.97382740020806,49.111035791944616,0
587,0.059263843914392676,1.5668112038692292,57.58689184295492,1
588,2.0054111387626055,1.1046635672199705,76.24861789866789,3
589,1.9790247916071377,3.027590520857062,50.41350735140605,2
590,2.449602727720115,1.5646032915344525,81.37286247763984,3
591,1.4270412052305983,0.9992525707592126,27.418363269807426,0
592,2.859789675403039,1.0807403047295105,141.60001215186335,3
593,0.4548370779261398,1.322204483784089,39.61018363230909,0
594,2.154056559519229,2.5157800417631666,54.54722271267328,2
595,0.2538262284818999,3.1559813415623257,43.11330256373161,1
596,2.3687081151195413,2.0254982116265725,112.4940669897513,2
597,1.6001509019889877,2.1029815871580033,22.948887105484065,1
598,2.1207530298693738,2.9995687831964237,52.19386389354213,2
599,1.3439368782553427,1.2429765100098247,29.638555814105956,0
600,2.491263669240562,2.7532389257091676,28.46168828901753,2
601,0.10769947433689202,0.06439907240534962,36.9538203694586,0
602,0.46452775065209834,0.6139972053258431,57.75169931237973,0
603,0.5240797894543445,1.747135705155857,51.52384867873238,1
604,0.9874782708032473,0.1703302047316643,65.67014106038121,0
605,2.6364520787247936,0.6787711712119929,50.69120407210877,3
606,0.07541246184110584,1.5123928018265838,39.61205569041592,1
607,0.07279723799413228,1.8900188245552416,45.81536133395996,1
608,1.1174808222000676,2.0327579009401786,83.3075223879643,1
609,2.7275342390615887,2.483778441201452,67.04282596874454,2
610,1.1477643024263873,0.3473710096270488,23.582543600802943,0
611,2.1703817089382,3.091697583059938,16.42939845879492,1
612,0.6178609821130988,2.774436535625023,61.49002200547961,1
613,1.36473371115955,0.4045953604064249,53.65559686490741,0
614,3.1123823004898803,0.27097851700975467,25.39560403893445,3
615,1.2872520138378576,2.434620611038705,45.09810944058485,1
616,2.1424578709757514,2.50783792839945,44.13950881401803,2
617,1.1444523331686072,0.512456460191507,27.03297949070734,0
618,1.9450491374115795,2.8205824751072233,100.62930352583787,2
619,1.413663627874118,2.1582858344602496,40.967131316911676,3
620,1.9769569140351446,1.1522216902815563,85.17025624398781,3
621,1.7506498073038692,2.6998857480286764,31.217636397163567,2
622,1.1061087367567237,1.7201417691439995,37.00617033985796,0
623,1.1036389223932837,0.38208767068131483,139.58436778466358,0
624,1.5856034467710407,2.316792218981561,39.769875640330206,2
625,2.3707261423907755,2.646416799547592,75.7698697590287,2
626,1.84246733183518,0.21952079480574938,58.59987328635574,3
627,1.885683526975433,1.7324304595805062,54.3227781022545,2
628,2.933061176721668,0.4952820928045368,49.78654799578608,3
629,1.9736888274201252,1.7007992545081831,119.68345978108681,2
630,2.3969514446788716,3.125286727853437,43.50376704721732,2
631,2.4201801334095103,2.6730273328681258,50.66100768564568,2
632,0.017573829044025404,0.8507079123375696,22.588845652757843,0
633,0.7021639181875609,1.4775682986582799,59.82070423530445,0
634,3.0795780916186892,2.2568281314426124,33.130528036637074,2
635,2.502051359503085,2.886305660579293,52.11843031189342,2
636,2.7184976687337556,2.7812923442399327,32.22373734140711,2
637,1.9012895042015987,2.0756678700916016,16.68533257299366,2
638,2.706207951579922,3.140380658768677,31.977935115713095,2
639,2.5834463947330075,0.5245038868844996,38.02074905150004,3
640,2.577370158369534,2.7357750340612754,46.466528343571184,2
641,0.9011506227166616,1.6620316163062927,44.52790937321768,1
642,1.2393557287078225,2.70293589034215,123.75301464583792,1
643,2.8646983360564984,3.0258108228110943,45.577255951909486,2
644,0.0783002086783782,3.0167588851077927,47.875322578812515,1
645,0.08088404891121083,0.34979363977614747,44.03280241775739,0
646,1.5496840488612051,2.3668710925263508,48.98038195254669,2
647,0.675627963501418,1.3690217190222749,14.122479746353774,1
648,0.8118013194309283,2.116722999220469,43.17176493194864,1
649,1.1226865036774847,1.8675863510999828,36.431086671229465,1
650,2.058594955680665,2.4657870464020095,89.42496610591016,2
651,2.6611691627938576,2.337390771701391,24.878997477949568,2
652,0.10546085481218957,1.129282823599689,68.33336649967082,0
653,0.5234844128363703,1.7288049210801602,34.34294751432913,1
654,2.012468964046011,0.8495010792055836,21.94474965879725,3
655,1.5903575940152603,0.09100701847786888,15.8734332544567,3
656,1.26945793481037,3.133226616282875,41.08142109106577,2
657,0.9470939812256045,2.243446036977257,55.06241820731948,1
658,3.091102384733507,2.678514193403674,47.0220997555667,2
659,0.7094297015039235,1.442274759505174,62.98517325669189,0
660,2.9620087125535632,1.5631980457558807,48.8292044712475,2
661,1.3127138879184215,1.8066961197077238,77.1056601530474,1
662,1.844891953784179,2.7500992783098686,64.7578196723773,2
663,1.8112135767324338,2.073686587354305,43.140794735672735,1
664,1.5513258256399438,0.37397487472712004,78.07470247424206,0
665,0.09802671152619592,0.3961928802082335,30.616997720647113,0
666,2.9001703684205404,0.34034597248023213,19.50296940770882,3
667,1.626159512029831,1.1129186175965762,28.38812979971551,0
668,1.7118447772940384,2.319467001963442,61.1624878635046,2
669,1.1569190893347927,0.17770330035827972,45.41405930185292,3
670,0.07225937814609937,2.704804222870819,62.76577199133575,1
671,1.9221292999112862,1.2900568666027252,50.22437291760792,3
672,1.6295252981215844,1.4617249447112208,31.529310952922653,0
673,2.44609646337774,0.8237565730203643,56.67089074264348,3
674,0.8579321070865459,2.8079547031345355,52.01598264862388,1
675,1.074038788624871,0.19011884579404756,40.83223127463944,0
676,0.48090625805204323,2.486713651700186,81.10273319134824,1
677,1.8838926742612687,0.3530152189242465,35.511444692433614,3
678,1.2676689293722179,1.6190958126983044,41.93621055743889,1
679,2.6704185232055107,0.47945037887111247,124.81781940954622,3
680,1.9525140263416019,0.8843928074489156,60.59236978775436,3
681,0.33036663354532314,2.140981404809066,37.946923999275974,1
682,2.5274274569268647,1.862127709838234,23.813591914654598,3
683,1.5384808979449762,2.053629859436633,34.289216535110654,1
684,2.0667816989007863,1.4579043513281758,45.30789479656193,2
685,3.0941379049804683,2.466689442539574,97.67128513251409,2
686,0.9112380430196956,3.0045905462637905,50.64688594118528,1
687,0.6082200425143793,1.5226641161147467,46.28914339280949,1
688,0.3536415199342139,2.146768201709185,18.409267353458695,1
689,1.1210109878326464,0.7457658169208887,23.230483214440824,0
690,0.5740789059852988,1.5912786750962218,33.91841212330937,1
691,1.6190881087962483,1.1793013091368563,37.815581741775695,1
692,0.4161208878601404,0.8665796228549456,41.57359639320244,0
693,1.4672153233238125,0.753151774438677,171.08835947166796,0
694,1.4641931721819679,0.88449038926517,38.18579678263916,0
695,2.0403951336911916,1.5138205398971205,86.67732056234011,3
696,3.105303310984009,0.02655734997638871,96.48224224548264,3
697,1.859333165387782,1.1636256890050511,27.218146913790893,3
698,2.665053232248063,2.968086523658591,30.63568028741364,2
699,0.974733716990923,2.015596217093885,46.26769177897307,1
700,0.7631030651749954,2.0720217012657955,46.65354539999414,1
701,1.4399185016466038,0.23179049452147177,27.716951836209386,0
702,3.0542016160525076,1.5927956253927782,75.43136225911192,2
703,2.1501783181056893,2.2531247319344443,40.16546393612121,2
704,1.0520028707662974,1.191013137050026,93.72425038236791,0
705,3.1622029990808302,1.7753294216347182,58.10017058314033,2
706,2.1996749313109105,2.69038530815674,79.10513870404134,2
707,1.0149835727234122,1.5269256590105298,44.450423207551495,0
708,2.7377212202396297,2.7536177382316813,47.20201310914197,2
709,1.380119936981725,2.703058415501172,20.100460058093855,1
710,1.7568243665767866,2.0950863895959118,117.70562219109338,2
711,2.5758798309327884,1.8601560361477831,16.007434509456253,2
712,0.5331083894595505,2.337064603095563,36.05068385441296,1
713,0.30052227459058284,0.5302707065616303,33.28502130312265,0
714,2.4462434885709543,1.3784423482121042,24.86469759537388,3
715,2.71342853069826,1.763419568244947,27.885365172632255,2
716,2.297058429637876,2.943846625496388,52.256370432625175,2
717,1.3659806700484025,0.693665098678193,68.20084357950847,3
718,2.3470864220647925,1.7994910930288381,25.379965917689102,2
719,2.513520494706487,1.0452546087507155,59.654410742950866,3
720,0.8222986027045593,1.4875123707267148,61.921789106929275,0
721,1.9698309703174268,1.2024524771203073,41.692641701041275,3
722,2.922868761225154,2.7831067600167136,60.142102536239584,2
723,1.1101530562545412,0.2269701001888233,29.17515375282516,0
724,0.7686625949976493,0.650008456464036,89.2864483093861,0
725,2.9733058893889552,2.3883848969213854,53.97660705767808,2
726,2.962999365838306,0.6728593405194832,34.33695422253849,3
727,2.8848470207429866,0.8759395570133874,34.4525796190326,3
728,2.6930188779527824,0.7908347168657442,46.58867299735137,3
729,2.1356736840749884,1.972113517208174,26.037396022271025,2
730,1.1200622215268647,2.1065789432983175,30.46520994993153,1
731,1.5560576698683457,1.5964245144343077,46.434775738206184,3
732,1.4374303040253797,0.7884810275422653,76.08224585277361,0
733,2.911878917812666,1.1359006054183285,60.048590677364345,3
734,2.8725068672096397,1.8360417660300123,160.01857068336457,3
735,2.1829368562838996,2.553476292844205,97.1703208538935,2
736,0.37991453504667977,2.499709299018973,22.936582225756368,1
737,2.04107324514465,2.820286208544252,38.96486876940417,2
738,0.8417552539971439,2.8051590534114768,37.361904129718006,1
739,0.6678232159588489,1.5076873921779015,32.59346744484,0
740,2.9921975622873522,1.5751160071612997,55.76769013239923,3
741,1.1554393886249998,1.9391356972703147,38.73699865244332,1
742,1.92967918456598,0.6931658323207519,37.257099246829064,3
743,1.5302770630942972,1.203533681944562,74.36034118067464,0
744,2.6996324682552006,2.012638416068813,56.07609104872648,2
745,1.7988111780326177,0.28582427861680093,22.55299691312565,0
746,1.3702435987713988,2.3310943200250223,54.19299364251148,1
747,2.7196733237368544,1.1326467303654009,126.63802180324609,3
748,2.0146440822323624,1.3253385512996596,22.75222595560504,3
749,0.11436377199724218,3.159173650128918,32.684470775913454,1
750,1.0580272334248852,1.032815834236759,47.816163012928634,0
751,2.676733759704363,1.769030456301549,40.88363966750104,2
752,0.9108815011652284,0.38821173611102855,91.72022542431759,0
753,1.0139771823683743,0.894463593690741,51.68812251052699,0
754,0.524053020272085,0.08375692773325324,34.137272051769784,0
755,0.8965673503058861,0.2766033558441174,40.75096288732088,0
756,0.9918176034501895,2.384857199733607,36.213898142380096,1
757,2.8365855752980966,2.99429107991649,53.8448159068937,2
758,0.49118074294937564,1.8574439953313835,70.79286310598329,0
759,2.2305437351912696,0.764787680468533,51.265122615144136,3
760,0.6820786670751858,2.963738778114689,51.15723232699684,1
761,2.1458597892440325,2.6972287198181975,66.14704061475575,2
762,2.6153349541946076,1.7648876568498144,28.76994534929677,3
763,2.820798538787524,0.6045451989250832,29.676375581882883,3
764,0.055769355276728876,0.5557804621291288,92.17519996793209,0
765,2.562342344806389,1.002348914197514,61.477982373204,3
766,2.569634375023601,1.5694788987651556,95.10337194660032,2
767,1.6120032674642464,1.2619841783580286,39.30426537266741,0
768,0.37550820178450917,0.5823179445833602,18.63971008219017,0
769,0.3171137553232558,0.8692780779134508,39.841132221110946,0
770,2.4951090077934253,0.4532974160342378,39.55106602581473,3
771,1.3058107816919557,1.0922217605320743,23.598874091154688,3
772,0.4951559533511639,0.005638685788935911,70.94369381588969,0
773,0.06583394708822553,2.598298727954413,45.98998680104337,1
774,2.0423776948255434,0.6257653890681408,169.90458230237306,3
775,0.44342311055385636,0.3785940097640708,41.134144100788845,0
776,0.8415247031592827,2.157110190379732,27.80909519977477,1
777,0.7639466676116268,1.3263891672536547,95.41863487532227,0
778,1.003306490428722,1.0241972155292554,82.24096451663624,0
779,1.0331471541566355,0.5507993020409961,104.2792251597814,0
780,2.2591118928961524,0.4746028588611793,58.507723958833466,3
781,0.8683345171697536,0.6647052922503466,83.40555826133433,0
782,0.5786524272830612,1.9019495428379507,45.751147273965515,1
783,0.5565800713444986,0.3030876313899665,52.57941841450043,0
784,0.4675871780371213,0.4223954343370878,38.374831392176056,0
785,0.3913731859212726,2.1934049846975467,44.1053627212668,1
786,1.9448276701923362,0.5470729325668872,71.94984618607367,3
787,0.45619334487387053,2.9225074785257963,41.48772923533822,1
788,2.1340238277195454,1.418627575805641,67.37289529510025,3
789,2.5563367930187106,2.8695088602347156,73.40522874319863,2
790,0.23946006256014976,2.0651134498997465,64.5606439275704,1
791,0.9275772562013336,0.9227972021964126,30.34077045888426,0
792,0.8697311871138974,2.0903316380176227,42.020326644981154,1
793,1.0859596246208774,2.7353727818150206,46.76553994741804,1
794,0.1145860287998516,0.4932937196174401,43.81645507331907,0
795,2.674849577391757,1.3856141306309637,43.5792202675157,3
796,2.1867053109020573,1.6966107208696342,38.28767799807291,3
797,1.3401783457914778,0.3624718858391087,67.4826205771857,0
798,1.942592191162248,2.7514779171642774,26.27148600952634,1
799,0.7199134499045148,1.3718736477672298,47.14222493879854,0
800,1.5960806570736685,2.6351464738308414,37.62425390365728,2
801,0.9493387328533222,0.5464759105757839,42.96459519578843,0
802,2.6404441150427815,2.9436018958832673,41.65891814569216,2
803,0.6958535632150837,0.951887282403848,96.85365429808058,0
804,1.4813041727057257,1.7380089015313729,32.04767806234993,1
805,1.0179971359632216,0.7044703957918412,55.13849455253106,0
806,0.7534936583664832,1.029709885230437,53.825270192746196,0
807,1.9709971686253382,1.4462967476813746,52.477831773154634,3
808,2.1227028955702196,1.949802110533681,26.42068352510564,0
809,1.2448250849535636,2.9660197821356857,49.13437789257744,1
810,0.7007464759747571,2.547773048420714,69.53672219877164,1
811,2.0119218499292657,1.2530561625258896,58.886520152079356,3
812,1.5427541846272996,2.7593344583953145,29.050887575334507,1
813,2.5467378085117836,2.65231017435354,58.76000308336234,2
814,1.6777409119982902,2.3366000373118507,37.961195726752635,1
815,2.783075951768263,1.1953375255080312,44.821039395343796,2
816,0.4418123089921408,0.7624081980048759,69.88068821388343,0
817,0.7616152633499478,2.7129543644673517,38.516497273400816,1
818,0.7694746110492572,2.717360708546732,72.25820421157628,1
819,3.045093301146251,3.0706850913592922,39.01611525987049,2
820,2.274073826878373,1.6237349140337163,62.114378340690685,2
821,0.9129275134190139,1.4251646252098393,45.72153244965331,0
822,0.16403158682879235,1.8552147598351596,13.476535572659136,0
823,0.6893387361872628,1.001849649983679,59.62359303757185,0
824,0.9450660919583597,2.6049639747742916,17.710952902735805,1
825,1.736868235740255,3.0533918959259325,22.00167329521073,2
826,0.8622667536334911,2.973850935111027,52.546760030129896,1
827,2.5595453506381634,2.970859999774196,119.82395715645669,2
828,0.44413669185848215,1.6471750754728387,24.58462989489313,1
829,1.8469879759613705,2.910150165480021,45.35916740554075,2
830,2.3302154852235732,1.017047494244965,77.40493641089196,3
831,2.980403125567036,0.07146372432873616,65.88152236690604,3
832,2.135932340913412,3.1232850892547463,30.138309892474535,2
833,1.4986501718047442,0.20368078134093348,57.15379787034421,0
834,2.285194736917147,1.2944741687283325,45.52909957650632,3
835,3.091212594521585,0.7643567098730645,38.69340819988886,3
836,2.9609882535700134,0.5415012442387787,34.31106737758149,3
837,1.275558108085588,0.4656738276118623,73.86089532640841,0
838,0.9041861892358508,0.798443790722257,24.62839647397177,0
839,2.675157224595244,1.987321371383361,24.269177655531127,2
840,0.9317943704370957,0.8883089197553422,25.415651118551732,0
841,0.12254666547428995,2.5180658800454006,40.211556739492856,1
842,0.9001694260875843,2.626826201975061,39.674962488948026,1
843,2.528296175090435,0.2746848589656097,45.31727320756117,3
844,2.9180560859279936,1.932286278083365,68.81089712297239,2
845,2.443458160193734,1.2812688232866407,63.098313192887176,3
846,1.501676789400057,0.1952425209865559,48.29921724740446,3
847,2.216668925373184,0.11377649926423303,41.49684226048809,3
848,1.8778362468135539,0.9383375626252785,21.83198846902424,1
849,0.7072023379036491,2.2842038919387946,28.49194363982893,1
850,1.2061993704201288,2.568745889465646,28.680125279912,1
851,1.5621612138459773,0.7624725973739748,18.659891846227257,3
852,2.453383904210692,1.7854967679457983,62.003369789952,2
853,1.685557292847455,1.0789497520314764,52.327162146193274,0
854,1.2563642065255205,1.177326729052004,52.634554943988206,0
855,0.28555640602866933,0.33954861125646985,46.24693319830915,0
856,2.0459259797884997,1.1753470221702345,35.23302113169993,3
857,1.7350788540327016,0.8369992955144839,33.45042107635395,3
858,1.999169123496655,1.1023668395107982,33.98795648107777,3
859,2.8485055100931853,1.6720917256215118,21.635131626215138,3
860,1.3800628959987011,1.6534940676057333,32.68059150132956,2
861,1.447886771042479,0.40408194602251707,85.74985395190522,3
862,2.2024039036019283,2.8254483706284876,62.84338164361351,2
863,0.398224890002744,1.5765142168295554,15.887642558206977,0
864,1.2159203171226565,0.6036721490574339,94.18600327181247,0
865,2.111339314551883,1.5647588335907152,72.42234334117465,2
866,1.5297652516582696,1.6972855244557785,36.325642040055136,3
867,0.9981567039335226,0.09653578943196496,81.34403818111153,0
868,1.585983645792253,0.5252757674589024,17.18969796997124,0
869,2.0032545105608905,2.4944542555089297,57.97672870920555,2
870,1.7374916490897985,2.0511226932324416,94.41150735235479,1
871,0.42524205007655236,3.0458324207849756,36.60612128805668,1
872,0.46671466926955546,1.2953185638078948,33.07553844879149,0
873,0.5104096036906794,2.9477973740038625,52.326253842650694,1
874,2.1696830909562212,2.323140703413738,63.574005142017796,2
875,0.5900807220266534,0.25695109750161604,36.20357862242232,0
876,2.3799007149439366,2.9704091898252933,26.44104261447497,2
877,1.2307824889197667,0.39321718305031705,20.319450046187054,0
878,2.163437647631613,2.6024695533612947,14.250609283001909,2
879,1.0805893058514506,0.12327062341959916,34.68492528228574,0
880,1.0528984383312665,0.8103712749869705,32.1647545515553,0
881,0.6700534103064112,0.6480958247489426,117.66418723625547,0
882,2.5982708817828355,1.034101868096411,32.040706833464924,2
883,0.4411498472893209,1.03176842044803,135.19106892092861,0
884,0.11449647563723674,1.1737873332239503,22.979455517146235,0
885,2.8531976183912695,2.3278926206949406,42.02747243240579,2
886,0.7290302126406031,2.769305254342274,15.045974733244197,1
887,0.11587171888367807,2.1106954484835008,63.397425242360036,1
888,0.7159482261049352,0.3052800100636867,45.45791258368417,0
889,1.9201321046870923,1.8403648509729813,44.533182690971145,1
890,2.28029736339331,1.1499658510254678,33.88420119133841,3
891,0.025658157157684127,1.879185460582536,29.735757693349488,0
892,2.2239817705958718,1.6728591102728694,75.25754215372486,3
893,2.851915975606415,1.7089185206444415,33.01172815142354,3
894,2.8321751560683266,2.4431823645164332,36.479866229520816,2
895,2.553443965926303,3.145851873994364,49.684367288673755,2
896,2.707363131064914,0.6174186842525836,25.477760262249078,3
897,1.2688786754215926,0.11604032948105852,64.24773178389185,0
898,2.5400739651614295,2.300726263170231,40.36306589447468,2
899,0.9438122662293156,0.28904519334464046,23.07713785706866,0
900,1.6404413035014807,1.7551915580316186,57.51800487901884,3
901,1.9267946390373272,2.872474260866569,30.33026121630806,2
902,0.32647671082957647,2.1148887075892002,47.776148511793636,1
903,0.7486751337569694,0.7290778114448039,136.74787616011,0
904,1.708054029726733,2.7211367839035465,51.66011782178636,2
905,1.174844213771041,2.2017294207320433,47.74569658011751,1
906,2.6766995194497345,2.8416979828713576,74.29980200656746,2
907,2.673119709584695,1.84177026587775,30.087078514410845,3
908,0.07636634594633139,2.3720640741906025,46.50832190690505,1
909,0.4450104597795706,1.649255583705501,53.7296585975665,1
910,2.9823013959884777,1.1366824954402528,46.897509479558906,3
911,1.3603618563383164,0.4951676840691788,32.47531257337517,0
912,2.872350414454522,2.777726879019502,27.867847684368893,2
913,1.538831012760751,0.14821090913283758,61.92793292023716,0
914,0.5211964961997977,1.710120021608139,43.692193352529664,1
915,3.074091736454637,1.089876664132029,29.93511111738102,3
916,1.2519808337973097,2.812396953957911,183.60847612818682,2
917,3.132414003226141,2.699641908517849,28.290074370601726,2
918,0.33262717131322495,1.8523569517854892,48.05100022833882,1
919,2.441345791576867,1.8649562230858487,57.81616982208282,2
920,3.0925757975682906,0.9996875740294304,46.41255973266214,3
921,0.47327692323060333,0.0175836882889532,66.88585346631483,0
922,3.072278460253854,0.30067665518210585,36.98395460272698,3
923,1.818794747861788,0.700515662190873,14.343646819443231,3
924,2.5725473863657404,1.4820961903615766,52.94651660733845,3
925,0.5589036361013229,1.3575312365776984,52.35583446389205,0
926,0.24466244974837395,0.7867008054231123,44.38472553419305,0
927,2.3146522403342757,1.205644917428371,25.69662037169997,3
928,1.027833141910719,0.6101157822133053,42.32571481510396,0
929,1.3322993841381574,0.03261490521465818,47.954660077844466,0
930,2.238734631137596,2.254910652949534,43.62206180130273,2
931,2.979517078599266,2.7763833311848,50.2071548461903,2
932,1.3538793337729902,2.0888220521981156,42.50307271039548,1
933,3.1217831007492634,2.613230404398868,36.908524370609626,2
934,2.8803756672725633,0.6801334776679206,50.1091118481437,3
935,2.618718147945026,2.0058168506908376,68.59123737634927,2
936,0.4334130878170552,1.0874941868822436,59.97090132475595,0
937,2.0592106082149497,1.5838073991807098,48.62438631206556,3
938,0.915130946099886,0.39160930415883033,71.67860675827319,0
939,1.691945069187539,1.7142728329789478,104.64221046473543,2
940,2.5563160410453345,2.9179845820719996,42.82170391191858,2
941,2.3952590208025573,2.6175072449487984,23.35760363894959,2
942,1.0080103303431058,0.9174434596434724,23.69077852599087,0
943,0.31124416041222785,2.218920230691424,29.7843106800728,1
944,1.7640317402275303,1.2558970979177366,28.54767824309055,1
945,1.2015767007008011,1.0186456847286152,86.6685351633148,0
946,3.0577835237287454,2.1081925066356844,91.4771202134758,3
947,0.4852614904993592,0.4238552168959235,140.9294685937076,0
948,0.07096042035526517,0.12729602138125898,51.38719196908424,0
949,2.8348924823039003,1.8091158842000385,26.261633105208368,2
950,0.667379940626716,1.310709283822303,37.666370693941126,0
951,0.8741624541020581,2.818067738010753,28.958676302710895,1
952,1.1283210140673312,0.2949448847085506,76.65070174088436,0
953,2.900934696199932,0.772727408176307,28.328899548886213,3
954,0.5205735858012511,1.6698914538137501,27.616787417436367,1
955,2.909991231230726,2.2742819854833343,99.20926030287858,2
956,0.5668815972460848,2.4313699915064584,53.970714146504854,1
957,1.1622327950978673,3.00835221454011,46.33769894406356,1
958,2.301406813678652,2.138778123368777,61.48395476110507,2
959,0.16649922125135447,0.8507217423660896,28.935920008364576,0
960,1.5516648148023122,0.6387298144952691,34.97691883828897,0
961,0.2722211548133538,0.8764753864598532,34.39390782015206,0
962,2.701065967155107,0.46459141236110296,34.915622009940456,3
963,1.3188736851674474,1.320005261550665,37.39308991606827,0
964,2.5860080954779225,2.9297745148640515,32.787832653027145,2
965,0.8211866714791973,0.09224804275010083,57.91389226131551,0
966,1.6601375672917675,1.7636536495803636,24.546579087550914,1
967,3.1475661684698277,0.38626758466006084,25.160743521399475,3
968,2.1916929103732277,1.866413250572097,87.31229520312742,2
969,3.107071908976755,1.4897955196335795,39.765435892198084,3
970,0.28547378467813117,1.3140771935686986,29.15894882413763,0
971,1.1490481307999214,0.5667541573364151,23.00153480223562,0
972,1.7016841237695175,1.4776636558402376,14.611131969628648,1
973,0.20964649283144463,1.3013831443626747,52.456002517415655,1
974,1.7876525835143002,3.040394355939042,48.12291577808113,2
975,3.057060949990632,1.6879231565043662,21.472673514820098,3
976,0.4020974571455742,2.926188621266896,92.84970447027224,1
977,1.3833904895517468,3.0058404412047808,66.48183643354444,1
978,0.7640134244072606,2.855471056042748,44.24547010249808,1
979,0.17464008040863221,0.3556382296578952,49.05903847509928,0
980,2.154409968350927,1.6461204558528566,66.87881879787898,3
981,1.6672973871872259,0.8536080661537775,32.02475185783321,3
982,0.7883584589854314,1.2479431516220834,103.77131923432013,0
983,1.6693754169061528,2.0910856822276775,39.39717128430786,2
984,2.904531601508258,2.852573624946838,53.91674923501714,2
985,2.4476593536525693,1.8280995101644875,34.38353588635869,3
986,2.4845341474297014,2.9337209057337583,99.5873544012651,2
987,2.4127767139215464,0.3055219926517694,37.64621839269253,3
988,2.9300501099317264,0.6024658189113054,57.00438096999172,3
989,1.4555698551330276,2.87847801683029,20.585354909051524,2
990,0.5335848809411382,0.3182141043760051,23.107735020210974,0
991,2.2398686683387723,1.575684633631951,29.42636619212312,3
992,3.1356988808255313,1.2682775131652173,36.85124352330746,3
993,1.3440428564332783,1.3521196122660173,56.845752511048744,1
994,2.546870988379487,2.5240188577069653,34.14851425919806,2
995,2.4955894737578284,1.3701719570790287,44.09908132605421,3
996,1.1350397281383728,1.9127816234795154,65.6629365020828,1
997,1.5404375142396913,2.371346566661235,83.5944106141057,1
998,0.43544078595731855,0.3316135029786402,30.497105158920114,0
999,2.1546093410710827,1.5568578992549595,34.945238105554274,2
