id,x,y,k_limit,community
0,90.06915091125354,88.0478226232833,23.386001729964182,0
1,73.48690851638212,6.391258937257838,59.73483268951316,4
2,96.90051626890109,20.174793254241376,35.277072803091826,4
3,46.38862765498326,80.17921991483176,21.640928171224925,2
4,63.597725431912856,90.08086998348827,34.435077269202395,2
5,97.40817311858184,44.32364944108329,27.720847486333035,4
6,65.20930918399772,1.12688932919639,41.49843987169931,4
7,98.30245262260198,44.22959632878727,51.55578171312579,4
8,74.37412002200607,87.64534495459345,34.60296530726256,0
9,35.51611772560981,28.749288080631054,38.58834111462325,3
10,50.71053516003487,84.21886437506608,51.86326834630964,2
11,76.1917910553001,84.74725158585335,59.867784072458655,0
12,56.52503465250436,39.49868658921806,48.7019580730822,0
13,97.8430005409126,28.418746143593086,41.072572191581116,4
14,26.319166149691874,84.03782117221648,23.491392435239433,1
15,76.95575434778677,5.996167452975953,53.64556426147469,4
16,69.24435923179908,62.10478362642854,42.02349571081949,0
17,4.484340297844347,68.10927123435135,33.343488537013464,1
18,68.67511138278437,48.692300706770354,34.38476524053509,0
19,60.41180650819462,78.31307310506944,26.555112363899273,2
20,31.972351639574658,29.473263883012024,59.513067044559165,3
21,70.01396890517032,16.014880532086373,20.581981357870355,4
22,17.59045593861409,34.87813913545041,52.07429894010334,3
23,6.968123699463035,34.37704677283112,46.94320540644106,3
24,8.47650231306466,45.04634938875831,37.6160756090802,1
25,56.59763927547636,21.131293906878625,59.70449888047812,3
26,11.08566616274953,62.10315866751016,45.14982375552642,1
27,9.111306365993133,57.32157400937522,29.48557284255997,1
28,10.712635652413727,97.72372216039993,41.70820298889183,1
29,42.859180525730686,53.362250026892056,46.45339015955643,1
30,74.63857534211358,49.85427620353724,46.67800261687755,0
31,33.60850519401084,44.64729036293835,71.86843828250434,3
32,11.088343248154542,25.6901499680132,16.51884979220968,3
33,66.69415933012269,6.608849948179596,39.93641412753571,4
34,95.53716447631241,23.235364262551116,14.245434089822705,4
35,84.61346922207385,95.46484407567033,35.391624947096766,0
36,82.25329698303506,7.926736964534154,74.80777446398312,4
37,21.633048082858643,51.907051181744194,33.40074648176755,1
38,5.971339061816494,19.66092382020378,61.34763833720294,3
39,61.703872580357114,16.716393725025657,80.65845652477759,4
40,33.19647825335827,35.66077828573152,41.29004289435698,3
41,63.84585488376453,46.25617427124613,91.88369301718922,0
42,23.442927680966818,10.409690319523001,43.76489623389045,3
43,38.74225833542817,21.815437897581404,50.086727988731866,3
44,8.529659146438007,45.422484245911235,46.441103039270054,1
45,74.06719815631506,62.0982823583135,63.07227153491542,0
46,9.154596097796396,19.521003461699536,33.99370238701255,3
47,67.70370408030783,53.90790695139253,58.3696709171991,0
48,11.873389802033218,46.83167997882368,10.805233825165093,1
49,9.113019422998182,65.21022602616829,72.04887046471536,1
50,26.917352194695432,36.95394567510536,14.2121836156053,3
51,44.17570518815196,70.59228946559882,28.545819588997457,1
52,28.836969793792623,54.333439041156204,101.9216872722925,1
53,55.968628286920485,71.40297449537229,106.52100905939822,2
54,82.3556691948824,4.61278904255964,73.13139806654564,4
55,87.6717973048473,9.996547893676466,52.609420888579514,4
56,18.96174064571151,73.86946406809119,48.73933884101904,1
57,3.4818460538902474,71.83341785974272,48.20120847821556,1
58,9.186033451656906,39.37630976182114,56.11159546868345,1
59,50.01812172625416,86.49926473564268,86.47455026172348,2
60,60.762338160911824,87.50416856443096,31.376576983401957,2
61,42.879929998969715,85.35651808636271,62.54429373063925,2
62,89.01288240242789,72.19690098973368,82.39655017011441,0
63,83.93810598002793,61.37757689037555,46.54490382484039,0
64,94.78412857521,64.88158064585386,15.904006986396007,0
65,51.59643513255985,28.383810292261245,69.07292521691774,3
66,30.419698237353465,92.2739118716884,70.54690691854466,2
67,15.676204735566234,75.65033391611138,83.81890071139317,1
68,9.961469448380178,91.17693578632114,25.764161330551907,1
69,16.295248536558116,86.9457633916967,33.98254187623967,1
70,94.20831040670879,58.95318119849323,43.512513143898346,0
71,50.16187005785423,93.11859312546663,105.39382581619788,2
72,67.91856708833201,34.44339339420996,43.2321625932069,4
73,88.7462662600046,52.59421483677483,65.16281893263103,4
74,80.7706453568546,58.18215353135484,31.648157787804696,0
75,53.94583066758748,91.52213343949626,98.63825800719843,2
76,26.032512257002814,35.915285128408556,76.69328014302124,3
77,75.9437517762166,11.116563523564803,17.79818063483777,4
78,38.45529227260515,35.08529841051362,117.71151718694999,3
79,76.77173076339913,66.2092860116487,47.47554715875835,0
80,23.78635752099517,31.443267685166077,57.14167418436309,3
81,80.16176500266886,97.88250917664976,36.65727641855781,0
82,87.81916473483966,24.73674961726089,66.93421776120879,4
83,91.66936245415782,32.96624657704336,39.512055128937874,4
84,88.7384085467053,81.74369945280307,40.94961531056431,0
85,36.558559226420975,49.77243363696363,55.242463404175204,1
86,78.20434206878436,15.521500192058557,46.37183465140281,4
87,73.2756946059146,85.1197280724117,45.12507011138631,0
88,32.90999254362301,25.157101954673998,49.16773821995985,3
89,38.22911764356952,16.91194934418562,53.01450361165363,3
90,12.29221873908244,27.34166486634455,46.940953613222305,3
91,49.36552288999526,21.93915208370163,44.14442142213762,3
92,66.26127577322175,44.64878717414835,53.8397836539921,0
93,11.565009365958156,12.095232534653933,38.62946358643091,3
94,28.537611020832355,95.67043378574536,73.14145438628032,2
95,18.780456620228925,8.701240290774548,35.174136450535734,3
96,39.62046902706796,33.70307565439605,106.05686152145178,3
97,16.994890009729623,10.821317864325975,20.64221424020111,3
98,5.311575383256095,82.56638276527045,49.69139039006505,1
99,32.3169149337726,56.825568429114085,35.218236431099456,1
100,98.44654416030832,70.2550724166659,58.052516475374354,0
101,30.0143707922103,85.96778154943789,129.9649596710626,2
102,53.2907049467355,87.83581611144723,20.099387187626352,2
103,77.91407344658741,81.69845338796527,89.16496049356562,0
104,48.11924777278941,2.6893075522010923,75.55968007404334,3
105,18.40139781110327,46.91238892091345,35.20394037516713,1
106,13.060901301286055,87.90424384832141,39.97789652913056,1
107,67.39108304177692,93.5301632574481,37.80266600786689,2
108,4.211877771451189,85.90366243617707,27.45413593827929,1
109,17.251467204356807,16.68636818830794,74.70583908229725,3
110,78.62503591880234,79.82300977497972,49.53147532553744,0
111,41.90465423677369,57.89634628439082,28.151634030184226,1
112,10.071763719989058,15.325388420801856,26.907695671350353,3
113,44.48834128686977,81.8923959696959,29.488218918585957,2
114,43.21307273752151,49.05578808264747,53.921504674920214,1
115,80.10020447523513,69.68127428486906,69.21199609899874,0
116,94.33006150864549,96.00004488240081,37.45440311520361,0
117,67.93105178741239,71.05870580289412,81.19817231971442,0
118,51.026681678988986,53.14611384320569,43.47891889544982,0
119,30.38759512719015,3.4207228839649106,31.401262441143842,3
120,49.44906817059287,81.91413796302298,33.56342246204896,2
121,62.33817980783155,98.96954222736305,43.65461366199273,2
122,91.58762839925839,62.424870435333034,68.91680120113652,0
123,82.11677769140034,92.4432114411338,99.5123913734958,0
124,57.123759454899,97.185518147597,42.96535606643707,2
125,91.43723664132172,94.44727392723989,12.194071435315822,0
126,96.39198090944741,43.941016600113805,52.126234416138196,4
127,62.54559886913966,56.36941874841437,33.645208844623724,0
128,8.681036167001533,80.37738079745502,29.70043569835771,1
129,71.95273235906494,65.86663585778302,12.50796856458735,0
130,80.1143503255593,41.94289076059348,19.706214149469915,4
131,94.26240017307673,42.38707729595536,32.63342996946233,4
132,65.40591922461185,42.90563858062132,72.7669629677781,0
133,87.04690478779654,58.272718533268964,26.845440599013887,0
134,71.71209862315196,49.23399232625887,40.499778639927825,0
135,82.22093626325886,65.74082713325559,45.16926933230487,0
136,38.06947508681845,89.03593799103884,35.41688597155658,2
137,0.33026004643404994,80.34095136644929,59.0110738109094,1
138,32.4332170202191,59.51521382271475,24.34717771494461,1
139,49.423465831664245,22.978965279580265,42.430549634913824,3
140,99.1944389602983,51.670718503701316,68.82875884041673,0
141,42.98246998934896,24.19475313398235,36.51265854752467,3
142,27.69666418063429,21.48811849885155,68.044454686688,3
143,64.25413963741742,44.625364662245005,66.85584031515342,0
144,10.250103456639481,16.33493687876705,35.28348411820088,3
145,3.6224076695093865,46.146173648933754,55.39663816295992,1
146,39.486709183245516,72.85832600282058,46.027490674343966,1
147,0.4372052391222292,0.9117570232483718,26.92612790627712,3
148,40.56361193951847,30.969030202471572,46.61160627124772,3
149,65.41680414709711,15.922885696713596,28.715826008801965,4
150,88.64222506473124,82.12471807868687,47.034760320077886,0
151,21.115117604730294,18.01290041712933,30.498042503793695,3
152,53.085927900392385,52.04037031258668,52.778381362063534,0
153,82.69874301586113,43.87127864156668,62.7865204892516,4
154,74.146106535468,96.9756639637156,20.74650637553174,0
155,25.903582215181242,78.38765556851176,18.114653511002743,1
156,95.23355748343289,95.40642471480048,41.07769490330805,0
157,17.926281419137624,21.566423380784126,205.55440345877943,3
158,21.12625782742684,60.312781390178394,43.205086315363495,1
159,23.604417602143712,31.400215823681588,96.55078690244075,3
160,94.02233393954101,63.624613807546545,32.682678491246314,0
161,55.97962471290957,76.08116502984628,64.63463651195282,2
162,90.6794578483718,67.26832043392176,31.57928147235379,0
163,16.21345502212851,16.54954297178054,70.61622421054669,3
164,98.17610343937002,73.47086452555719,88.8634718421274,0
165,21.226240704449207,8.582814783775328,30.32895007588815,3
166,54.06188844290685,25.08822479510805,25.758604848701555,3
167,35.654141224952554,68.89092051290757,82.69478577694512,1
168,38.16339932662899,98.14591546487034,47.935000458399244,2
169,59.12960677182916,13.316945523023637,63.620466546529755,4
170,75.04476105263701,60.657903344375505,48.82518640364495,0
171,81.08608249298466,67.07794104152114,20.261271181419897,0
172,38.99431284328359,99.50071875974191,65.73568802086385,2
173,22.016913515587454,51.16990316741716,78.97838005857277,1
174,55.82690294499466,99.83382315214799,32.99929761107182,2
175,93.33403490963404,16.263393694218074,47.47906089916588,4
176,10.905488540244834,46.21512267359571,35.910342847911615,1
177,57.44976879374369,86.775811973701,55.266077169428456,2
178,76.11468946350786,18.002584851458835,20.586692808350186,4
179,86.91084715303019,24.56817293587984,81.20809631013958,4
180,82.57497287753628,19.694949575594233,56.0833357041621,4
181,0.182482115186533,92.53285298261761,54.97980567792018,1
182,6.281263295065498,29.74757181164781,48.2051805195317,3
183,64.09990702664668,49.64211175925763,53.093259003185054,0
184,97.6924266608035,61.419687440229374,21.758641098116538,0
185,56.73026163747279,58.24105544539788,36.603456637406346,0
186,56.124058768170535,99.14074943564044,27.088296547260075,2
187,74.9686322069432,58.151119285014886,24.87373858705032,0
188,48.2842767809136,37.81576840456626,84.96278691252856,3
189,71.21391586337509,4.652373700221169,13.440482731286432,4
190,23.99278580316021,71.81809216078713,87.76842623926473,1
191,73.0990654834584,83.56651536696641,43.92899319861581,0
192,4.442018980278528,15.869829545637682,47.34038050425291,3
193,1.6878129672675546,46.602728313332086,21.177893487223482,1
194,30.07026561024989,48.84421894529962,24.37935892239105,1
195,36.168573458185705,40.73562506448912,52.009003658436356,3
196,35.83108714819829,54.162658274923814,46.71106333620156,1
197,17.57757681674519,12.069502048450753,25.48982519100295,3
198,25.81047763744889,82.03727833719238,43.33869554074614,1
199,76.3514146938268,38.39460471908498,33.76871392504265,4
200,4.554694079145394,7.542493397759353,29.304807188539677,3
201,39.74304614161446,11.677444040741092,69.33917773185398,3
202,56.129799777396215,74.66750627801018,21.264572960698466,2
203,35.16986817344869,62.329550518835205,58.9321571680351,1
204,49.418340388466454,97.71451383862544,33.38034366595753,2
205,71.65582739286187,56.11749472565775,40.94465172783353,0
206,26.077598148006043,78.36337786068785,42.32699433524126,1
207,75.79529728422695,38.2460077253831,37.93910615982921,4
208,17.41346331726189,12.862701424710732,64.74153380775921,3
209,80.05769246625634,16.753977977527523,40.5350617279857,4
210,27.889792557746606,92.84197581649305,34.15093362569295,2
211,41.30983929704549,36.07915624752792,27.78057977832117,3
212,22.239944627039264,35.83487234811847,38.13469142573663,3
213,20.32634468884005,53.731387688834474,59.84421337289862,1
214,98.36259690710294,62.45121497502429,40.95416306228255,0
215,8.195519363638326,6.894633338299672,26.397125517853166,3
216,29.478591616212967,69.85663181034023,41.90339096843948,1
217,49.31802080813903,71.94543317613756,108.71394376346801,1
218,16.764159240054,1.9753502373138887,55.550331608239134,3
219,57.653994482063254,76.06046530167775,50.09256783726167,2
220,92.0400506225406,2.420924785177414,44.592095655575505,4
221,67.82323312084772,54.00358524326621,74.08255410241856,0
222,51.41675338571354,84.56739382351913,32.007450418751745,2
223,95.12974816459351,90.03051076548282,55.0332908363886,0
224,44.172432910607164,86.28584403318527,33.84477857022549,2
225,63.68027016989686,5.429722763616551,46.987477526037615,4
226,55.001260966618695,46.05502194979929,67.38585250091378,0
227,10.172387620665258,45.04366756254908,42.20741786088656,1
228,95.24122824450355,66.9808823863441,32.90160847766661,0
229,92.92477650487263,24.564812146504433,58.50691809803654,4
230,26.388942381011525,96.84545334723555,24.310109940424383,2
231,26.217758041121918,6.180715578393892,33.43430975079657,3
232,14.833238760426081,64.64905854113935,42.011715099232,1
233,39.08775654015516,44.44139196094251,23.634149738729654,1
234,67.91457414863832,90.78194051034791,112.32946270089342,0
235,5.660033092700023,69.94290870360183,40.84977193403488,1
236,51.917899235952056,71.19312725322077,32.23565384326063,1
237,65.3704825375773,63.166904665166335,21.547830815633844,0
238,55.991875030007876,26.289534304201577,49.51668916024474,3
239,66.7376069211476,22.685143276475472,20.531863523950335,4
240,2.9584165995986123,17.357114206143574,30.264925627511182,3
241,70.44397395178864,14.288685454282268,22.052015816154974,4
242,62.63726965450495,48.23714688144511,36.866681780038114,0
243,9.551328352154698,89.59009059149477,93.9330158327948,1
244,1.1928719303053614,22.786939695324392,68.84494378665563,3
245,14.056095748271712,72.06273596798125,37.41604222511652,1
246,10.435631711920735,62.15473541796776,19.39450249645486,1
247,49.14567249010639,93.42193950762383,122.84344215328608,2
248,30.1181742540642,6.6517821559364805,15.063988172886948,3
249,93.48753293687321,45.351122055444705,58.99852263996741,4
250,45.558558474083476,27.019034181416778,41.015363232917046,3
251,26.368457947454083,95.26397690838112,46.816369735719334,2
252,73.40062222816472,6.989487486121504,47.61704522493465,4
253,82.09744021963814,70.59926318338609,74.33004096946196,0
254,66.85317980451103,28.12396977104311,38.439977955383206,4
255,89.48436060819616,7.937471709835176,57.48165508032839,4
256,63.25114267524315,31.408019729009983,66.07078415561229,4
257,92.48008800108362,36.00760763733886,27.881688618369186,4
258,29.548667415639507,97.67035183859568,36.31975605463996,2
259,4.751728903756646,84.68119066516554,27.928472173637463,1
260,16.555732096116493,45.59908508484492,146.19890019973266,1
261,15.982004747909784,10.511534487497286,71.7850274121953,3
262,96.95621680365409,83.44603771355933,48.79130603855655,0
263,84.65874975281378,20.90429278533564,39.74730946866101,4
264,64.03901720283996,65.77084358592128,48.6655417799238,0
265,56.89774363529442,69.56132190741108,114.17515271267028,2
266,55.10208768696686,76.63012284833827,53.48870569495398,2
267,66.34265245466231,71.3123201734655,40.01034143991113,0
268,8.510931186104653,69.23217851220102,43.439716269126656,1
269,44.28775055024745,38.07173642460423,31.91918579925602,3
270,70.43389890330226,35.28416851439348,46.85266182097177,4
271,31.13698854114453,9.395596886390168,30.381480628873454,3
272,42.3842541378984,88.47608089308757,85.04955916970044,2
273,90.94717621698774,89.41560111357997,32.843152271807696,0
274,5.462458841363349,97.88816656567506,53.416205808728215,1
275,83.42806937589334,34.11985549460754,47.513481822913036,4
276,4.180350076012895,9.115790705144933,50.1305975391056,3
277,89.82489510137212,10.928548279920813,51.66365520805045,4
278,9.602771278821564,30.730656625939123,45.90326360247681,3
279,62.655755978805296,5.522132998711349,57.35131604608595,4
280,82.91028350638864,88.14870575073186,51.35015898638608,0
281,36.346286493965316,54.49970771275221,58.888873099382295,1
282,25.621418528832386,98.24207310576946,22.351920486744653,2
283,99.83879409750432,18.540237747293652,42.568211080728204,4
284,25.150181553561225,4.040169242919323,50.85122118526054,3
285,95.57164407579826,71.58347733465912,46.49891374315982,0
286,69.36101899782474,90.29651752774248,21.7419769338122,0
287,20.883242555785518,15.039937579490715,30.786134320270847,3
288,85.5420099259465,76.24392274340136,32.65847412434479,0
289,98.09120989503286,26.199761115621,27.278713944352862,4
290,89.77764375285618,41.8474613629336,71.70274935681576,4
291,79.75167869911539,27.113714519874975,26.854222927709905,4
292,52.466600680170025,24.237026935746165,44.13348009324418,3
293,86.05284105729935,42.49405072176627,98.57429386146437,4
294,68.30501393826013,90.44507594865753,130.39773960065244,0
295,24.91370856799955,94.78722646306991,45.36827535084263,2
296,19.927676489283908,57.873963252911274,57.06820502631758,1
297,5.345096665459115,91.37720264124538,49.67707618668266,1
298,39.00484387058749,77.84412926690037,57.6725833647624,1
299,63.14411754251081,33.46898404978524,83.20450365662894,4
300,89.75095856438155,47.91737981229868,94.76352556744516,4
301,14.644716830119952,74.24999269978913,66.91410511653645,1
302,31.506592675388877,66.20407608006235,82.2031306380253,1
303,73.48145970560694,88.33625824531511,129.69784835782966,0
304,14.51724466636789,54.23001124761723,83.0195354662712,1
305,24.077453449792596,36.58559545645772,44.505184826514736,3
306,76.31868878968835,19.60842749144843,49.41369552894963,4
307,46.71584805623712,89.67042238125306,48.374454548611794,2
308,53.790121991691365,92.95944252956797,42.194566551424295,2
309,6.343369161225043,79.24597105316087,146.67408639812382,1
310,23.83324927193906,75.17566310792569,37.28631327768265,1
311,27.004431579349387,62.37756639013661,25.530654007646074,1
312,79.93981038570863,38.79176757215455,38.88957953745442,4
313,58.90164753126748,82.68164800971601,41.5824424698318,2
314,29.261358366522373,55.263947684982796,40.12437298978468,1
315,9.312340648626682,64.23388800766404,34.76457174688672,1
316,84.43005579839551,99.92373703024967,40.24344923823145,0
317,28.53536406277466,79.90235718588573,33.027877299374985,1
318,61.25918991080067,0.7016976852017187,36.06017015203959,4
319,43.22028571697666,84.32860584733135,18.025830206825553,2
320,85.7423158445903,64.03661890267058,28.895225828025904,0
321,39.956801782148986,27.142396324998185,54.87370378204885,3
322,5.704158121099212,56.81107162946177,51.615955159812096,1
323,36.648483999106816,38.68690590813648,42.29336396105511,3
324,79.87720329004718,70.10403208703676,26.749983261924875,0
325,11.04042549784403,72.6700666212013,25.619934826174187,1
326,14.322724649386732,10.322483871558074,32.77714114093245,3
327,83.78713454842843,94.26941288746448,75.0126524189975,0
328,90.69580108730337,13.269102846316994,25.212228132212594,4
329,13.498338385219188,40.193389353897125,76.75695865490577,1
330,48.88186946551397,12.276024164372357,29.829614676000045,3
331,31.489488452755587,79.92127943934835,21.40672785100963,1
332,11.480262261034035,63.339855260374044,33.52147213905629,1
333,38.47884792976276,84.01797344957535,64.72203871028951,2
334,59.667114855908224,27.435744260346816,151.07103625206705,4
335,18.243971693014927,84.65170136143682,47.317019437771755,1
336,30.558011833202535,22.276015833851282,43.25257895319083,3
337,63.84462941031196,74.11126512889076,45.22169483901534,0
338,92.18012058091716,72.58867174461191,25.902647448511935,0
339,46.26630211546118,80.84174275472704,25.891356134831664,2
340,40.589423957197845,75.0416331920984,27.30075454605247,1
341,63.421301871527035,94.66434232079445,41.271463038628376,2
342,26.97020381044518,72.55381889974517,28.852337234122217,1
343,19.564815233840726,85.98256848414162,15.089044253372444,1
344,51.448112088838116,37.65622300899722,51.46274656538454,3
345,53.38018855753869,96.24539271240083,26.05136078805259,2
346,28.864229582761737,37.1948488209903,28.604818822596318,3
347,71.53925247655722,9.080619744353303,35.180247512641955,4
348,35.877178421367915,76.84040636320884,85.09179618964986,1
349,63.629651059104155,31.962555636776337,34.491943327852546,4
350,7.585727856437352,55.03993404463474,92.23460345347982,1
351,33.463231487977815,51.50593942053007,20.844518073530942,1
352,45.488619722608846,13.232581832126955,29.997762030994146,3
353,90.85393076852,72.6798935182706,37.14645235862868,0
354,75.15800081075948,80.95960212704705,31.138539955141557,0
355,98.42511870746023,13.437299428412375,54.754359301696915,4
356,86.96860646662257,6.968333693022344,28.518662764627827,4
357,89.61765399129379,59.09196134244992,86.80071016531866,0
358,84.91579836321105,31.939678342948564,44.185368785275834,4
359,14.761655541119534,53.05740829415879,31.202109687905363,1
360,49.632963588117306,34.78582264848996,23.79587061180428,3
361,63.476463643896544,46.66651027546944,28.10074872983734,0
362,26.435335780639168,26.255697711809045,73.29468736367808,3
363,1.8479819192534497,44.846621335400826,67.77865484236142,1
364,38.71089344914769,54.12298747338175,43.42642506394559,1
365,20.867965140911128,6.342374042374111,76.6276641507394,3
366,33.90571784422154,67.8480651729811,48.406117263410714,1
367,82.30474245503314,28.69607082845931,59.29891543336253,4
368,6.172005446508811,93.91977482979804,45.01411870917708,1
369,5.726196025943276,13.560119788905489,57.70918226078833,3
370,37.93479704194345,67.27009863496549,27.155060222691386,1
371,74.27208067065811,56.40766610504004,43.173825042796615,0
372,85.30173069783947,35.50523255817685,56.108042972317584,4
373,92.17092428014237,45.96587637607368,27.5174973900445,4
374,48.32036480619444,39.820446622145965,35.59376839506359,3
375,69.68678713317965,62.71315064775631,33.794535988054285,0
376,37.33018716782212,6.854738333305921,32.51563625088252,3
377,95.73823855942891,71.26051974284951,56.013652624511074,0
378,76.08411679247673,68.3508646468574,35.942141427213244,0
379,39.07209672399989,7.880586176829563,25.95395358526079,3
380,30.46828900278009,17.027325485028545,36.32782687796894,3
381,42.36305129494556,2.9722664612059857,30.247488154213944,3
382,22.5254509577549,4.434270400206564,51.602231458499226,3
383,4.999664254370229,13.751476283031483,101.25755046486343,3
384,7.719854153463057,45.78781969975553,44.44386348232666,1
385,83.0307152255526,81.62648431501391,48.684365977515654,0
386,1.137754702814775,5.384261520832235,36.46035183486201,3
387,59.53683606021129,94.24455752852751,49.39264725770327,2
388,74.20278206067016,13.48975096790862,54.59421731988352,4
389,83.42488477919795,77.44475783997476,54.776061002104385,0
390,56.40165635321628,21.077181507309493,19.535289645399555,3
391,38.99986097279382,28.25579410374758,29.200825069154288,3
392,49.81659723853481,19.156498255056555,28.669277253673343,3
393,97.34346507568232,11.888457492061145,18.971742361794192,4
394,59.07399111311962,2.078064009661018,47.23524886236568,4
395,27.560846572356144,14.000289790278785,31.53719696035582,3
396,29.278938259318497,90.47456850500387,80.55186979932604,2
397,8.33430111120781,19.010356356808945,41.364587950311794,3
398,8.579932478637264,72.12836230253308,109.54616582681142,1
399,95.92198166746928,84.82935771304838,84.33517276677328,0
400,77.99397522181141,22.00185102995935,30.07796887721441,4
401,36.83638938468186,71.16668591825007,17.378563381585863,1
402,66.70497908206016,93.40281280494442,25.82053641197226,0
403,45.654297983837125,69.49353159921998,25.657685120651465,1
404,63.603115482306336,12.094876682734723,49.07478391905773,4
405,62.016903128770394,11.43813929033276,46.980308009428235,4
406,23.449169959441708,35.484670027424,26.84667477173058,3
407,65.47957408752475,32.33680657900524,52.35255388603531,4
408,62.96083166090288,65.54770381068565,90.80691869713874,0
409,92.33957402076136,8.816801025625143,39.33630343949666,4
410,7.228849584342645,6.543547134964623,35.253196559443325,3
411,13.472242647948152,36.719747359968856,18.916466808296796,3
412,27.779265878018723,71.48393743776151,50.27373487797443,1
413,40.608289968739896,85.83591376930387,31.38627511412064,2
414,91.90161563747957,43.267858929493684,26.44317743740351,4
415,49.76548119102047,17.72177371170627,24.30422881194037,3
416,4.887843617595311,49.712820161785,73.12900627144128,1
417,28.414480308360424,94.57285011900805,49.810179153451934,2
418,19.03011196878871,14.572740261056472,38.72602517605105,3
419,46.055675432199216,94.47509242058256,122.3736332771049,2
420,1.3983354818456917,45.86044856347661,85.26749664724011,1
421,0.6350914348311365,78.17885075425094,44.86730262941142,1
422,14.699820676043318,31.149665033343943,31.444855854861157,3
423,37.21887494823971,4.914199238804972,38.148204446017594,3
424,17.711829842835904,37.13285311231036,91.58900356517336,3
425,38.817615907315364,70.43542169623139,51.35820513468012,1
426,65.52318316987112,83.76624533493154,42.19995819603183,0
427,49.925449352570936,94.17865843092656,51.1679096600555,2
428,59.09413709644632,20.291557048695218,47.87397959087873,3
429,23.864808099057576,87.94081577204832,27.033770354773154,2
430,24.031007442704343,69.30354409739726,33.9260996378063,1
431,87.72695069337657,0.7587647877701942,107.98836779099715,4
432,47.55626929166108,46.863302900906724,25.916494874997444,3
433,68.87741494123698,28.186129449837583,73.00158227878346,4
434,49.35743384393846,69.76578238630974,41.865954008909945,1
435,73.54057877723567,19.32659110949887,35.62638881327719,4
436,9.643543927950315,2.3565616213537477,32.83395029087149,3
437,73.91463435865646,96.6590903897933,24.309597296897127,0
438,9.274942901179061,93.68106379526571,85.08581187764966,1
439,25.978750115810634,61.12587240108197,34.31979279813572,1
440,91.3449585737269,63.94529210280957,21.73993627538796,0
441,50.43342835194199,37.6966353690738,58.28764633887367,3
442,53.93807957388306,99.23000098274804,40.11315970777893,2
443,86.08666630603604,34.307559084250094,19.210283575924418,4
444,25.111659212022918,68.81843835252613,17.312075078453258,1
445,18.593905536329757,50.1612292011973,32.22338095495216,1
446,34.32872979703395,49.04792110610151,63.77069452919143,1
447,40.48417360987884,88.10955042985724,48.02112984234566,2
448,46.228329884873766,31.15116539652165,48.674912413441454,3
449,95.67180984586409,22.309189255345164,34.70364462836754,4
450,64.79339252607717,43.31134098064211,69.5496101076472,0
451,91.61473347353683,75.55308091910307,31.48358750763583,0
452,23.980557487169605,14.662982911866894,38.51783630674276,3
453,6.951397229294765,79.65935098463605,36.98997803314478,1
454,45.17509083562993,46.068821541511504,47.717446556984356,3
455,19.572418108697654,77.56467989355544,94.04928037444117,1
456,95.16459038860987,16.714035081402123,36.995584038721425,4
457,26.938783067969464,90.56999726147453,92.83380427747325,2
458,90.71797552572342,50.92874699717977,52.739840435631514,4
459,20.768114086217327,7.857450733799276,40.808004348427744,3
460,70.93783853241034,30.00173194282575,56.978276981144404,4
461,52.54817276586827,45.113534896027666,48.159767220308154,3
462,15.63537523893428,17.48066409866652,35.38369715118164,3
463,7.979905577213609,35.82947363509652,52.01886146971021,3
464,89.72571500023757,30.572686775681213,42.52343502848441,4
465,81.01407888908703,44.22707616919188,49.22033522264171,4
466,6.6335763963665695,75.68316919672189,47.9201079470241,1
467,40.45791431954321,22.987196125413067,75.17462968908052,3
468,80.67997229356475,99.01752268253169,37.13563716548323,0
469,81.50154829340686,68.70331269418695,28.668575538954986,0
470,2.8324565480845387,33.82815871500788,32.327712090819084,3
471,13.064523751055457,94.22202098344738,60.0550292770696,1
472,67.53802558624741,66.27896316626601,27.41054984576364,0
473,93.42439666739506,23.15316474327619,38.576138942928836,4
474,54.75332548527552,27.341108333218433,32.62954547282883,3
475,7.7740327124731,94.73015641824337,105.85370057449728,1
476,25.50628623006418,48.21313379162835,59.75883654495271,1
477,34.23469250219414,51.1849120508433,104.96685997082105,1
478,99.10526662410886,88.18071888737775,43.56040699389746,0
479,1.976492825944809,89.49256542857223,41.29735171332396,1
480,50.18263121125276,90.13265446113546,36.931291002199195,2
481,85.22858640557212,37.01961933990881,102.36063211967897,4
482,69.29857527403679,88.55109254682941,49.87308150005673,0
483,47.19597414816331,57.59876041807858,55.68993215609138,1
484,11.781717345889131,81.00137929952072,101.06598236836498,1
485,34.59115270490448,19.390333208272605,76.49937003079027,3
486,58.40740149681201,39.84064729395386,65.08570802741693,0
487,27.37412913252474,45.55308139287213,50.61431390092877,1
488,55.91027774558571,18.65865031109083,39.563611354346,3
489,45.17056144628175,53.23424977407096,24.197657607484956,1
490,61.91632076589186,82.85673128288117,22.835692899905553,2
491,72.30937868288196,7.122103950373826,80.80263475174732,4
492,10.653173631826164,48.027254562977916,85.04923015977604,1
493,91.933875698896,99.35364160345227,49.350605974714675,0
494,31.078536928333378,70.16129592227725,43.73391520890848,1
495,28.900891155943974,94.21259133564665,51.18447852988109,2
496,59.34474162069294,34.97754906345896,30.150947082728575,4
497,20.976708895697083,28.999786396935313,30.74416656581202,3
498,4.102423678041733,8.134704359836842,26.2745316515896,3
499,9.620834176826087,50.57653324931442,39.990355525497606,1
500,25.794381495015482,39.37215803538743,41.84975415249861,3
501,69.3693144782938,13.124659004593465,52.44810996315272,4
502,36.16761143202102,51.23614032567668,42.8938074985043,1
503,91.0974398304053,23.890225543581078,39.97025103816271,4
504,47.25652012536175,65.48877904344008,21.81990941206336,1
505,31.051438251716203,92.00473548957426,69.16637388985558,2
506,86.0411700643398,91.96948994771549,107.47444380855856,0
507,4.353433222283076,39.93492768263383,61.450836971973125,1
508,82.74269929626418,4.009660822899996,32.91016608181672,4
509,4.689153824428571,79.23563968149723,41.77182816844796,1
510,19.419361472743134,63.09672905558706,61.37685279894542,1
511,43.53474699340247,31.938998253933924,113.77605711572467,3
512,80.26802149959076,52.93928605071741,71.85963501491877,0
513,28.896571726007615,56.91176953848116,41.0585795026054,1
514,48.31802778618008,40.143939513099866,71.83422235852908,3
515,53.02005932384778,15.522162351125834,72.82166017114768,3
516,36.13125551077817,63.712323567708715,76.10021222539403,1
517,42.71106044734771,41.53211127387399,57.155775849247235,3
518,1.4882182913997566,36.412878143220986,59.09865797473071,3
519,3.0996173651470893,58.634612304100074,71.68089436088363,1
520,53.33196053575225,36.582376643904404,49.69259576736872,3
521,6.02643997823773,97.7100675643152,23.629844965657227,1
522,85.44641805155202,58.567352300401964,39.301561707863556,0
523,50.33827172605553,5.569652904938016,46.804951060349076,3
524,96.50308152413572,94.8818561692952,58.026607007776015,0
525,66.44383615406943,28.051912423602854,54.55630622171446,4
526,54.00382009095496,4.178559004719906,39.35084636383024,3
527,43.844369151768205,82.07724388519752,141.90787804188656,2
528,65.30405654942345,35.169866199246094,30.185969578049217,4
529,56.59334397764118,12.638390667426847,64.44172247020312,3
530,11.46838370118809,79.67540621950992,44.30688934408203,1
531,49.28561916982659,59.20447750896633,27.353669843498665,1
532,28.974069113623457,14.366989771283444,70.66762938694548,3
533,42.53637813614893,78.15140750258254,50.578991328927266,1
534,20.402858631182763,72.39736382079518,46.96403228425334,1
535,22.69729484051066,63.1586995058386,30.09943605781763,1
536,22.26802607567563,5.1982319890405915,97.66750999188231,3
537,62.443352809529614,96.3895742087563,77.89074720838227,2
538,31.69073560452047,69.13252083726078,63.65015085050983,1
539,41.031441549623636,59.083952434752476,94.87246218812408,1
540,61.234066616952006,64.50132629402908,37.781768284877856,0
541,44.231935037780076,2.685036713644917,42.86831236591483,3
542,59.775517861526694,23.092971041510225,66.73878187512022,4
543,70.96761763039866,4.225706403546958,35.0998126208143,4
544,90.48631910185361,41.266515231244284,27.60743370313745,4
545,42.15769160418931,9.934862664225008,80.43912997527086,3
546,10.574895157309472,15.698158337363832,50.23596337700599,3
547,89.2783942431922,32.001104103976516,39.14223329717675,4
548,3.672827477691065,0.47375548304772197,43.16559277734744,3
549,20.790578731058318,8.652395998589512,42.77099423776994,3
550,43.57691565136118,73.84950372409763,28.23872770914611,1
551,73.51765239805978,64.66992976161198,163.5316645180747,0
552,53.57606698329829,77.61315782659341,136.32980849330863,2
553,15.306490662668914,37.55267611642871,61.00184900179239,3
554,2.2051569187944153,57.85605548540874,67.52785259288842,1
555,2.9232126214896015,65.17577027235879,27.419707178239364,1
556,93.99481612264545,63.85583090846686,86.08508196716917,0
557,7.796952550195724,97.23717851075484,38.51657357278843,1
558,51.81746584504038,5.720774958645114,74.08781698649285,3
559,94.59962120877725,69.18616672843217,19.762289955820147,0
560,0.40499174575293617,76.18297420479966,80.43680768408805,1
561,13.57602793042677,60.12769974053923,47.447153098369114,1
562,77.51698455897919,66.92092711968964,62.02943516921009,0
563,27.346602984040825,15.605425724454614,100.65115647203945,3
564,20.365686445563323,15.204643307927268,35.40129052588487,3
565,18.21009566404611,12.602622530787212,60.404823721642614,3
566,67.3306540304768,32.83227157595561,46.68892582337522,4
567,57.636083453394114,86.50680753187324,115.31273198114387,2
568,42.00351891388037,97.61238521748015,29.726158614993267,2
569,92.32544540729909,56.45093822542206,71.55766548003264,0
570,81.28743682539886,71.96238052674039,33.67144606856219,0
571,31.386757277424504,81.4303535304241,21.081297391259575,1
572,70.0602864968007,62.56817473923797,26.314022638494173,0
573,80.83990547942471,62.4552734432717,20.80658352445737,0
574,44.224528352499625,79.92678702901395,31.602662170934607,2
575,11.008959070517488,98.19047513535858,40.9486218943706,1
576,61.898378315872414,63.33058834981406,41.85334106207583,0
577,76.50199046582851,52.77343339917952,37.729947602794745,0
578,34.6866096540293,18.299988385820377,51.73468813288474,3
579,59.7800223366167,86.0836970670028,30.303711176396114,2
580,6.548675638646606,56.30380265877035,39.32602809744955,1
581,93.75484605295337,28.03287998935363,12.807438287624795,4
582,0.664248182453886,29.529471297592945,54.17794163430979,3
583,40.35536295719939,16.467507168191432,56.18827505529686,3
584,65.47239458405576,71.52848799858832,39.18810139390987,0
585,50.313200128904256,14.285488837024296,75.0036275174812,3
586,41.74645873402779,97.58548450282885,52.76061360411268,2
587,29.761937747935775,78.1119539528005,57.13862217445347,1
588,50.69909447082125,97.45198060124544,74.72903556249685,2
589,70.73675399283033,39.600392950857724,38.60340749366907,0
590,91.4821820885964,16.826087922055578,32.798766482250976,4
591,63.50518798365476,82.38612991140944,42.850128467968744,0
592,55.27691991119234,56.07449793884549,47.65693486795684,0
593,1.0036005312475615,39.412009240728665,109.74409039910996,1
594,20.533992721389506,63.73268428319897,36.71208456979158,1
595,90.35240257815407,3.2013427713008524,62.797837107075225,4
596,63.9964089522958,31.058092901115163,78.86704455032206,4
597,78.6428525036044,87.30744628158662,36.30016388317745,0
598,11.533127112566122,14.617676138978574,27.564438507171026,3
599,43.71686644242425,78.63446449303058,52.14753227434073,2
600,6.342074030468892,85.12855447191134,51.806321194855094,1
601,2.512438486073254,5.152643524418266,43.82877513623803,3
602,44.46727210649705,69.55444130572134,35.93645773493591,1
603,82.90837915945647,55.06417578303968,90.0606324566347,0
604,28.35923343882598,81.73873917841748,16.951263916968426,1
605,70.8094596867762,39.869466818801456,52.99186994813513,0
606,17.291427543146998,62.81812044088839,91.46704110211083,1
607,22.794996991670814,32.685280600652256,76.63582825168658,3
608,71.08066830584944,77.10475298309491,73.81312919715779,0
609,71.8243204268893,6.7203979615226395,49.258091148599235,4
610,86.85676248232328,81.23505212091241,45.860486913854366,0
611,36.437867938146596,21.121002530579112,28.802520987611008,3
612,66.1560105430785,21.13698699869282,31.15483187141978,4
613,81.15330691666867,20.590100058145964,86.95988779088975,4
614,10.811659838219722,55.971824698662374,39.711350417332554,1
615,51.87408323434104,28.06580385421459,32.8542615913191,3
616,22.497337651800365,26.140730830962365,61.815906481400035,3
617,32.208144287761,97.16201373632981,32.23975729763458,2
618,91.09860067261975,69.75736233681198,58.55170367172649,0
619,6.497467598885409,2.9934592419827877,49.85723787474622,3
620,43.225084166184466,21.371405985418434,28.711953271586225,3
621,36.83944287513694,83.67021055220427,54.58253902429229,1
622,37.552533485769345,39.71263655931977,27.573380945186116,3
623,6.474026127463095,97.4531989225573,36.24410620311331,1
624,72.79748788969678,89.36445838918996,45.20991173827791,0
625,58.02333227195929,41.54167912699289,30.972502045726255,0
626,59.27728767900422,35.606975610696715,25.916984024137474,4
627,89.04402106132238,70.5415324315634,30.227285014927904,0
628,94.99243163870965,33.48096096835621,43.072703870357806,4
629,62.572838608651935,61.71587983494463,39.92105541279181,0
630,13.017719108027848,11.57786971864222,37.540987009477156,3
631,62.40203694543286,39.63798121512393,23.366189475021283,0
632,80.6298600146872,76.15535371849693,51.6876210831086,0
633,84.06128227092033,9.85763814291596,46.99753321195721,4
634,28.934277845544955,47.88949972898724,36.836013028033776,1
635,98.97174111953589,27.099258492799507,37.80585956538258,4
636,95.22428038537089,58.82971561991822,54.99534919173827,0
637,71.99972554426908,79.61586922706132,35.15402373022931,0
638,23.93852793327853,13.753227265744494,75.70813753891011,3
639,20.425153446956124,13.27577398870634,32.420671642123935,3
640,27.626278208007914,23.300699314569474,28.451808448212613,3
641,80.06761884631042,0.29778132674520563,60.124785111804606,4
642,83.03939014688464,89.17584990759798,35.389811997741305,0
643,13.955310864086245,82.02943696909645,31.86934513220959,1
644,22.475778558484894,14.915967423751631,26.515536993738518,3
645,22.063217689889512,47.30503604647658,43.29447313630878,1
646,29.437173874305998,96.23776032084135,66.26362130825815,2
647,43.676279265161945,33.18199780820225,37.36567788499231,3
648,17.75474962343029,2.6456761904947945,45.27650833764888,3
649,24.397540267596916,31.464811239916944,88.51473318272116,3
650,71.02075206430082,65.82024536965264,70.92409578172511,0
651,74.6545032256821,4.0990981675800615,31.79640415139093,4
652,41.79541189086572,47.23612439439939,46.08600295277288,3
653,10.977914512567843,27.40283855053042,25.008506520661413,3
654,37.08345055389752,8.895536960807714,43.71206843547496,3
655,4.957808301119215,98.8891033357444,39.910429008525846,1
656,94.94751619069571,96.21275259001149,86.53831067253837,0
657,36.36074606290377,97.28497134157301,39.57682888338651,2
658,50.52395517150442,13.005365212616526,66.66100962541476,3
659,9.036756925959043,88.61903607351445,72.83765031148455,1
660,36.354038173671796,18.471107188307233,57.20341066703216,3
661,3.261024564757964,4.321909355684872,50.96367800543787,3
662,29.69920859781937,24.69343199039663,44.497988082266,3
663,61.83806060526831,26.484438078545892,47.529622221047084,4
664,0.3891229490874615,85.77777477722209,32.3812874868632,1
665,18.15999948806003,80.89990884428346,46.45114897173518,1
666,69.65501949137611,71.57496944720877,41.48977315467788,0
667,60.1497177159641,98.77041644522407,30.775361407302036,2
668,49.829271791363105,47.24487342032161,70.81836228880073,0
669,33.454541458565124,51.85557019578512,67.39546124792763,1
670,73.19005479715432,87.81880295563805,35.26436647645114,0
671,32.43865570955875,90.51610265252712,129.27007283428227,2
672,91.48829198475855,19.136541023252505,49.895895060325756,4
673,85.24041521317874,18.103217151193395,9.714356028010174,4
674,15.131490488984001,13.605956930973495,81.93428613685629,3
675,63.55612545572312,92.75614313815353,45.99625206145158,2
676,44.391974503616815,81.47858319631418,22.32639864618505,2
677,13.134342192041416,35.890985300746706,49.39613880813795,3
678,89.26664376474007,18.948395522150342,70.8798564382922,4
679,91.89290891393796,75.76101687132143,29.254815364718354,0
680,80.40541496532589,30.93959792467489,49.863243941422276,4
681,57.620782830849905,21.94413203185749,77.55791047871898,4
682,63.368122832027055,66.86451597521767,23.661498967792678,0
683,74.86159739633639,20.232823623511663,38.61029062032053,4
684,73.82447809803345,61.435991920681644,26.281719434154454,0
685,76.6092305028066,22.080827267661498,44.37853023288605,4
686,27.021683860756806,66.7557368818669,51.88104217973639,1
687,65.58782434720793,48.71910071240961,64.76857702196891,0
688,24.461788411125738,68.82946376656194,68.06438261107103,1
689,99.71050454482179,21.585975940204527,58.547895362257,4
690,98.90080206034703,74.14780198697053,17.24553830524936,0
691,40.08680572780221,65.19475170608516,26.67514895373538,1
692,73.95206227534547,42.04295087439501,20.773585185060085,4
693,83.07237915574729,21.975973235067247,52.50592134291712,4
694,0.321034305931156,53.28344674523514,39.20528276886679,1
695,48.526162862276415,96.5083479495278,94.55870720690353,2
696,87.034223367716,17.286030115338903,40.77980791326145,4
697,59.89280556271266,64.23374332890279,71.73479182352924,0
698,18.215272848793052,12.39323386925959,47.84542867455486,3
699,9.88155427362669,50.132541657954,39.047416791634575,1
700,31.625267274381407,99.28483202577377,48.39166870182712,2
701,98.81815836588652,77.53195045388358,48.54459498751985,0
702,53.34726958759216,29.65297264480744,22.431095626539694,3
703,77.02909688940038,34.47385764397387,50.66910787870384,4
704,11.472996919017719,60.8135869980596,23.87086073425106,1
705,91.1692884955164,75.3647834209577,101.65450983558402,0
706,95.70073642262057,96.9309552319987,40.11326445594229,0
707,73.43688908337307,60.64642554983636,144.45258014692897,0
708,83.5265783502968,46.40556029188089,31.601296678328794,4
709,10.327603071105617,15.08931574015545,25.82105410497761,3
710,99.6257907043124,81.12524994229429,42.80049591285236,0
711,60.89980791244407,53.36488697507276,23.097737848514804,0
712,17.9127333351487,14.44734322468152,36.776266809470826,3
713,20.70961674774825,8.423281120248472,45.08562304037994,3
714,5.457222237215742,34.34367650473601,49.070776375075255,3
715,94.24047186154667,74.04950282404783,46.20678427031048,0
716,97.83410082052826,17.187916233878674,41.82188971269269,4
717,98.31420611663253,72.8763725715515,14.991619554264577,0
718,88.2088764283728,88.06456589000302,71.61263145797126,0
719,28.752323730180517,28.46348154250694,31.382054991187818,3
720,86.28266398143363,70.562115415639,49.18198571808258,0
721,10.561037630994575,18.510644026593614,84.51340545929239,3
722,94.50044180293652,87.55363258379798,85.46235494213266,0
723,38.55809646611475,29.92198793920814,47.30519339346739,3
724,5.5772383366295415,97.89620527737281,35.633784478701045,1
725,98.93951488514571,74.89897692676215,39.79549644313165,0
726,6.292992087661253,77.73077960756187,48.758018224567046,1
727,53.96824094838782,46.4887776002195,15.66840062805554,0
728,29.587649727486777,73.2413170014774,40.51105476286551,1
729,4.072861178644915,88.37424961347847,19.541274102946133,1
730,27.128523902091693,12.707258141248733,26.533655493913056,3
731,40.80473376083263,59.654307624760925,48.84041916525325,1
732,47.218250495179134,93.74661067079607,72.62586426696993,2
733,19.959934473391318,0.15044141468256722,34.84918727860943,3
734,86.75845346860036,19.466362176006946,62.31378430216679,4
735,62.81885099263346,81.69227611713,43.65757080318101,2
736,95.28466763426155,18.90850865898026,42.18194971151581,4
737,18.48478972391331,23.409942996607647,29.823405001171054,3
738,3.3598220085865327,49.240979807662654,23.30402933121094,1
739,10.851435153892563,20.64452178065437,40.19493184449427,3
740,0.42598705328383835,88.67940972708807,84.54883575324101,1
741,60.81836864111821,93.63700422978921,31.710093288193676,2
742,90.92604567638344,9.064011945688987,56.6365505079798,4
743,29.16690616499813,72.5281206375,72.83682570846072,1
744,25.586527369511103,11.052056415390975,33.10931344958304,3
745,54.507134208310504,0.7361093823864628,24.986243948032538,3
746,92.65280122640932,28.298952586973915,46.04431301557361,4
747,63.07491539969846,32.87979941780756,41.21623035476262,4
748,8.605940856371863,13.038392868226268,46.98398994256113,3
749,19.43177936611662,42.7883881112013,38.69549184725634,1
750,14.669638711274334,71.6145328706086,33.753741625497376,1
751,28.707476753686933,51.66059597071838,93.81691527083909,1
752,97.47016665449222,59.46996660026856,36.38969005566131,0
753,47.53552828316737,67.69214506415555,53.579569844163025,1
754,45.752327108593995,99.9897856387985,44.4149149158591,2
755,1.4493783746000188,27.651783910357473,40.99157331414205,3
756,68.63417100775108,13.714700927134004,29.29323896401175,4
757,27.770579553017438,67.9312279282112,79.04397194584767,1
758,3.727041684652077,7.376817697215376,51.73636052845384,3
759,48.81160760326664,85.50236330250675,41.65658288864981,2
760,5.420207949592792,41.19554023189432,54.78841825789346,1
761,51.951771618625244,3.0910750500736217,39.02028118624156,3
762,79.0569358142532,81.58906619667393,27.41118805601101,0
763,23.907627762494343,26.99630289594923,125.43940880702255,3
764,54.06199282514809,18.604635266271885,36.256019047845754,3
765,33.30895230555908,62.57277633486073,23.86581776679869,1
766,5.215672091244505,20.212237497035446,58.70205308763646,3
767,15.282076538171797,3.789035936716656,67.09127669435028,3
768,26.932449157261562,41.057898315450146,31.697850419930983,3
769,16.005732870264545,74.41947028525112,107.99382158164809,1
770,30.90792650387757,41.047101579525226,50.33227700215217,3
771,85.16112185894694,19.232596630446942,28.961600261446108,4
772,55.40578515393958,98.85683931493008,27.270694026088208,2
773,52.17974561255125,22.331998967327248,50.272958262445464,3
774,13.998813915350738,63.21774462747071,86.7073396049631,1
775,14.235860705719672,90.61028153698678,16.391051566849306,1
776,69.85814542085048,3.860702376408509,54.48418882854322,4
777,68.29216380806331,29.980231957171235,112.17123877316396,4
778,9.152945915201194,22.39758056473835,56.968770576345506,3
779,38.88809984125861,35.92764079938489,32.196136700301196,3
780,34.159095061991266,4.738820381673103,34.74315519083705,3
781,45.583982527991566,89.40118684150433,32.46989325764887,2
782,43.920557063037,24.76035872521306,41.601485998633315,3
783,64.18667243156801,19.595923705031215,65.75367257006218,4
784,35.02958172463361,98.60757025903115,64.55138155423393,2
785,21.9867763859082,28.35924577785798,54.28717021438861,3
786,86.30170433047249,60.539225651959875,39.97569828915138,0
787,75.5651536405085,46.429151658526266,15.944888536837825,4
788,41.373121929320114,19.912416812079627,19.699644452978053,3
789,3.6203010405057245,57.82462334432683,62.57097598460313,1
790,69.19621913411541,53.7517786080062,73.05400401377783,0
791,84.07453894766309,40.783917032116555,24.637394641025402,4
792,77.05122344639786,81.81868226881897,43.69651922064169,0
793,34.403427155122536,34.299607907290486,38.48267699812161,3
794,4.133538347384491,40.50429716888526,76.77078494337978,1
795,0.25023832230118837,6.196301882225108,59.672949318087475,3
796,2.4849563235221916,77.55106822700017,49.958401557381904,1
797,84.98149010543304,32.302051116909915,39.67798203745304,4
798,86.35649724957642,26.514570748411636,24.4228118819918,4
799,45.836426051745285,7.011630084620157,61.26970468754202,3
800,23.759226918807506,74.63337649082982,46.76377208859306,1
801,60.810348356862086,68.89550988489493,24.32858367224219,2
802,48.40382040788233,94.31477595913348,36.30290888572439,2
803,94.58906076008687,56.637606059839584,40.889086275537295,0
804,17.497277531522204,77.39276236670916,71.92810933133383,1
805,81.82351719533597,30.11301775911538,27.67232028542267,4
806,20.51084016983935,97.17577710468873,41.61532638819846,2
807,76.78248618831891,99.00217217349928,16.71525442288829,0
808,8.065021140915174,98.85856430298502,22.12386730303561,1
809,50.971211485160936,42.0110657790311,73.78418806515889,3
810,24.04485517864462,15.117807802526528,46.731968422530215,3
811,46.955480039409046,8.888970521657956,28.552446031086664,3
812,96.62424020303224,5.714170863501256,26.288801419562933,4
813,99.1427432734668,89.00640164906703,41.99095142379551,0
814,56.21030834812094,96.61236523969117,57.02628087455253,2
815,82.00628193582902,24.808634932116856,33.21185140824565,4
816,29.014423470557237,52.42775516795436,34.040093859507806,1
817,34.337273007948724,93.42521758969708,48.250394731077805,2
818,92.99285753283878,77.47399735016081,57.212901176641,0
819,71.18228666070311,66.66593311101936,56.840860014997624,0
820,84.09499112744057,44.89157771379085,51.74296021747516,4
821,44.908027379739835,60.68761979328189,23.44077592838306,1
822,86.55882685681544,45.255022848162305,20.598365310758428,4
823,98.30523477277062,83.23413405318536,84.4806347827482,0
824,74.66030780264504,22.963103764177816,39.726943764014585,4
825,78.41860855183852,25.422791327634854,80.13314448309426,4
826,28.521203209707725,17.989060964173774,56.42921200255563,3
827,55.90098616990468,75.39758241896405,24.435495572129067,2
828,43.52688518653537,44.67894013246475,40.31611794975344,3
829,13.800828286419142,1.037626182070206,116.36970078473985,3
830,39.15386253151597,65.64477415640809,59.830241278506776,1
831,10.45153393992495,39.24911831200094,184.27283345967135,1
832,23.175752464066147,84.99997193763295,66.96165100334707,2
833,57.0107956570841,86.36554285442188,95.59369641001743,2
834,23.057655721464155,17.897799845630402,65.59384685893087,3
835,61.86131154765238,12.939524822783566,39.24607914434014,4
836,96.9552158582873,43.08063165731606,67.72760032794437,4
837,68.18780451037057,26.334099326290726,88.56702744702893,4
838,6.335381425195308,75.5312650947442,29.219007118095092,1
839,92.13464769541667,19.53509480513036,54.22045826135555,4
840,28.648032385950316,45.03693098467294,30.044512829791987,3
841,0.2454948903803933,1.542982633636103,37.99293052591626,3
842,43.74215662790648,5.922328526517262,22.083001757467358,3
843,47.18904898929588,41.5484891294292,48.181923861565686,3
844,94.77720793262063,76.81496782595868,20.103535548681165,0
845,19.922339907582266,56.1548840488173,22.655675103997503,1
846,24.378490737941803,47.085350788482714,37.00372445240603,1
847,60.20467927163522,71.76073572461938,41.76241411108999,0
848,18.583997760162084,76.10099087542082,21.76151861761093,1
849,47.731113722703086,92.8464065849841,38.73750178302583,2
850,74.27463323528247,60.173467762447586,38.288397225602765,0
851,9.789620260620623,28.335146171205817,40.08066451587416,3
852,34.530322867023756,57.213362178994686,73.11774590669638,1
853,2.727541961186697,89.1611558547476,29.78728657794683,1
854,85.76274292694148,2.0798914273564506,40.25557827779962,4
855,88.85643256068354,74.04883334527456,34.56302437754474,0
856,18.26496201902049,9.833517568463046,41.20772192844965,3
857,57.05360892354776,37.79986419425181,50.640791189309105,3
858,8.651549496645462,22.149753903277503,40.65863151491008,3
859,80.43700870723154,30.077526900424665,47.67760679082125,4
860,15.495418711838182,22.472046072184426,46.46123517840626,3
861,96.82782482001655,83.6001703635443,52.38247845822317,0
862,23.41100158990611,99.98058983894762,22.418857201167334,2
863,55.50313771432233,67.38048143472534,32.22809327415912,0
864,9.116885317100454,34.83832775093029,72.39128877386925,3
865,81.95625946218141,16.737569058906587,30.16906551420315,4
866,26.922483210134462,11.015058554945556,47.28113040844544,3
867,17.781193887496748,77.40529793723091,31.675304895567475,1
868,39.692409249816585,8.633660822498268,22.18587746971731,3
869,96.62309212942613,21.69618086220383,40.29458736142767,4
870,32.82285437804677,26.970551023105006,34.89228297768396,3
871,42.25692401901211,89.62383534266168,57.50822823041961,2
872,20.878145590564724,29.06348885890837,56.65907598535302,3
873,5.723837778057561,94.43013826950614,47.656280167272136,1
874,26.305137625930886,16.207467047939428,38.13565800093475,3
875,31.53910098048559,11.764434466766915,54.82687484561198,3
876,56.994041397673314,27.958557340510403,67.76475851530131,4
877,77.84847867792202,33.40772921833628,32.01576366369663,4
878,20.893308581338353,7.772119363505848,40.905263271156926,3
879,92.79769688630691,87.59028547417452,76.4167326866454,0
880,31.578895352519055,68.4932231798105,46.63062264881338,1
881,7.653062775082297,27.864107910987933,51.05183567249554,3
882,61.608238221166644,47.33656573932383,60.64940246504056,0
883,72.88999005353438,55.57002798977548,26.204870828792345,0
884,18.414325884797133,96.56312124455575,45.853423192876726,1
885,2.2602133899342625,80.65882460583303,36.44900967101378,1
886,58.94450107463649,74.79552980430022,26.38979440737763,2
887,29.754291360040764,12.997198815115429,57.060311704406146,3
888,76.52654678718542,32.69628151845366,42.777467215711816,4
889,54.65641343375379,93.58120276448201,38.73628283075092,2
890,20.816109462190468,12.639044622539386,76.35561396807982,3
891,83.68157161354452,81.82680476443011,67.00940586694533,0
892,38.522491409870476,86.39563748551993,24.670137410233103,2
893,2.7993733070403315,61.04800424300255,53.227964337416125,1
894,71.50766274859089,34.6558867312923,117.99927342573878,4
895,59.01919963940727,51.41396237702537,69.97116101392956,0
896,31.778114183373507,86.59336110783325,48.30597181018063,2
897,4.491063592126421,97.88639870844254,41.32906433556801,1
898,16.60038920271387,40.737814872429944,58.91242357132205,1
899,11.257341197468163,1.5897209996464712,39.0473537444729,3
900,94.32428349604098,76.87398108246995,46.1118051740784,0
901,93.21580977838447,10.41522243186731,34.677675182661396,4
902,74.89084134326843,73.9629199184446,42.6416373833292,0
903,30.217198696143676,94.25926351097425,68.3533319485916,2
904,37.40783459772972,92.35701666004195,43.21074374208235,2
905,93.72637683049311,29.66113144268222,47.66913969692405,4
906,99.80645452724353,83.15597897616786,39.5577602797118,0
907,54.38001179586789,61.51200877880132,70.60976116150825,0
908,16.424646566994838,61.46708663361131,82.15423894502518,1
909,49.83792232294015,2.3617253763848822,84.80198864766346,3
910,37.71780652046344,43.66108456338449,23.10007696552403,3
911,54.32720227938783,64.01354819139415,42.37197410437524,0
912,54.677066982298896,18.62095916245553,41.48135501835636,3
913,67.24508223918507,55.50322824154912,51.32182867067566,0
914,43.81881452756101,56.887032790054924,53.38947564771219,1
915,31.365487273222715,19.78461890665717,43.53836338975868,3
916,54.056785017458054,98.94653590750883,54.398815458625585,2
917,40.66710655809518,58.586137312219954,18.198535153059478,1
918,48.28203575957538,31.12730789803918,48.62581620979688,3
919,38.85871427104792,36.25085624161064,61.34664934736002,3
920,13.282074616136974,38.391973005793986,66.48569105638597,3
921,59.88926244691759,10.177720495456699,32.61577914646288,4
922,46.825484228774286,11.750971095523932,39.48649473654649,3
923,68.77160529918591,6.263017383749703,47.355561369324306,4
924,84.72212476897451,30.212490615774833,35.25607563727928,4
925,35.16810673441135,48.536125867347515,40.91378403276127,1
926,35.57552987288929,25.949750989490262,27.72110165914807,3
927,97.11740973855304,81.97221815311305,66.22471449200822,0
928,21.66104104153184,60.36323078585968,49.12183599427676,1
929,57.570242515288996,9.51913773412143,60.18694098880512,3
930,93.2947688457419,37.55459848964633,23.5212410262774,4
931,31.31833355118775,2.153851404523166,40.90395165671495,3
932,26.560277421535773,44.63628399143792,50.910881585563175,3
933,45.18128853355802,79.93807796156777,70.60346269995989,2
934,32.76994190456617,42.986946262410285,37.36657432248876,3
935,68.97881538319427,83.68536464773891,53.19524944980628,0
936,98.57002415617916,72.39854341949314,67.30117647080509,0
937,15.25923922532696,89.72169325188575,36.370780396218855,1
938,30.91094778082869,75.0819082432478,83.15693341504759,1
939,3.2093437424569715,16.974838666219316,31.174470242857893,3
940,56.15168778650305,34.54199436440681,53.574070343238056,4
941,59.6018791858985,70.65463523832187,25.41570290428825,0
942,85.51681311995333,22.149074413660188,32.465653151421456,4
943,34.28136301866099,30.203337745098835,165.22806237163303,3
944,98.33590818686665,6.997957209898087,60.268533866340576,4
945,36.923184480684725,26.559057642327176,69.41556257506477,3
946,33.059649912798065,91.41444791694752,21.90054796811364,2
947,77.58062066887386,55.09279753271588,84.44597435614178,0
948,49.63357261736856,17.749326701261513,42.48451599092862,3
949,82.41455231103804,97.09859852258782,39.30188682054905,0
950,49.088015539234085,55.576432499525765,38.88283771682291,1
951,68.95237451193431,71.8042233831269,49.28948489111821,0
952,46.95573404438864,72.90462216321316,105.87713680678237,1
953,41.25889559103848,64.57548200347645,39.57262384629021,1
954,59.173253899973346,10.642456311677762,22.638818340584173,3
955,24.78509820348925,12.370042859602004,77.4063868227343,3
956,75.5502054972125,63.13084379208953,41.25200309487655,0
957,73.586432814082,95.5234126437379,40.844656475361525,0
958,49.826952501093245,71.04891142932428,46.38487822797331,1
959,82.0767278355342,2.173695090772676,36.64046919083866,4
960,58.99473888077173,44.90349318667653,33.47044401082552,0
961,91.67259265671362,93.49897725249517,59.761029773376904,0
962,72.68243564224353,40.19914482071554,131.22863224227302,0
963,16.666803605868495,95.76493346358052,44.11263261809227,1
964,34.823356108357636,94.44520229019318,149.55424627934767,2
965,22.538952904166297,25.59040151194585,34.262275682576835,3
966,72.19781695800438,31.773317295969438,30.841794445820373,4
967,3.583004954820168,18.724610936588494,53.68279442510102,3
968,16.627984761826976,96.85588872777522,22.683739059084935,1
969,27.575876583898474,24.424352979407647,40.547091783347334,3
970,36.27042283236415,65.87530461781951,42.418827777751815,1
971,3.0361077024440686,86.00488154048152,30.054409340681588,1
972,29.532840333025824,5.009866730195212,54.01418056410677,3
973,33.32156660139366,99.83446349034975,117.10152715931329,2
974,49.04434643059048,73.02748599229463,89.34186254018361,2
975,28.327831745021413,76.55014844682276,20.258352787437058,1
976,61.4146289323857,61.610704801458525,78.89586615725725,0
977,91.0022416334317,91.60872211956497,59.10100699364075,0
978,88.65614423876984,26.65358848581103,56.83828150295258,4
979,87.36594071644355,41.210932580325895,50.67871127028929,4
980,60.06414207960121,81.27564199996092,52.52200241618046,2
981,53.03352970452959,8.502217078246776,33.273270345162636,3
982,66.49661638464212,66.29462354333259,18.851697021205112,0
983,66.99731321370741,51.54099015281906,17.718219741336473,0
984,53.79429759538874,94.84509366108266,37.58610190811218,2
985,24.58363141948504,21.103824175012488,53.65986102558699,3
986,40.012245630386055,57.970277366151514,59.758012600600146,1
987,16.982442948578214,85.78080155261918,70.87752402898498,1
988,32.78121936812741,59.04016216662661,19.401556526481784,1
989,77.62604752554839,67.23228187852992,191.60990198355353,0
990,28.892618421035042,75.67554005309066,45.152592879592056,1
991,69.32510713237397,78.9884471042586,58.46399707311265,0
992,18.289440483641638,32.8952007868607,47.03041344787082,3
993,7.953347005152478,32.77064632761433,20.968622811829757,3
994,45.717062114604154,63.535403020422685,35.55176294938251,1
995,96.4337069415714,23.6574145550547,91.63063295699527,4
996,29.65786697229792,99.05665029111557,36.84481878685929,2
997,3.816633885025522,30.97040367566831,22.75028310231888,3
998,31.09817084721447,31.801941467411375,31.611720874143668,3
999,37.52240832999117,40.99523169007399,39.0496433243211,3
