id,x,y,k_limit,community
0,0.3951776417341379,0.14152539680654636,36.91038795729907,6
1,0.37954611589438425,0.18503195659139765,19.937060674752875,4
2,0.18131430713843,0.037674652247774575,18.449367813447576,2
3,0.27340789565229956,0.3717457090501453,83.51429384005692,1
4,0.004928693594534791,0.16778596928910935,163.27749015523463,5
5,0.15320383902272172,0.408578868673798,40.94582232110467,2
6,0.03672157870780458,0.4609213025040209,25.93585270768389,0
7,0.45249626707000645,0.13027178463590583,58.51483191491153,1
8,0.033074405799104485,0.46726226627136935,46.61161879203014,1
9,0.5239598494235767,0.1907898717153095,28.98958374794569,2
10,0.41963926429075427,0.4956739747527414,52.08873535176512,0
11,0.4239354841359745,0.15627525899297143,42.84146999978029,6
12,0.28654423664426826,0.11250072335124754,33.26881289864212,2
13,0.017548641408963384,0.0679320581272335,27.941368412825074,6
14,0.36002728867194334,0.4736510577479081,59.71238397429301,0
15,0.19628726677040567,0.0008409436157117854,37.03028368966735,6
16,0.2378441590278282,0.45173404282143764,47.18628187138282,0
17,0.07823184721432436,0.10771823287972607,89.75180079879748,5
18,0.004604795785754912,0.20654537025846179,50.82645598489412,5
19,0.516165561223807,0.42530397210966425,37.39103775260343,1
20,0.2779580237290677,0.47823796111595757,22.04772417370332,6
21,0.5486494490648969,0.5374518971739253,17.863617467494347,2
22,0.3930371842661185,0.18801810591653942,51.56332368710741,5
23,0.3772046186968053,0.13834536797729383,30.97606378006989,2
24,0.31432055040795354,0.27763684499445423,98.72073101531531,5
25,0.21129010697974543,0.14035116470331346,52.795693418873036,1
26,0.024179019418808775,0.29968995354862893,37.70803134770327,0
27,0.2294922774268626,0.20251341755908764,43.3804428560049,3
28,0.00556916390407169,0.4173313933179557,65.20422863799502,5
29,0.44354591838195306,0.2227875449718371,18.737351216260993,6
30,0.3334347497645452,0.318968793240284,31.272736247291988,2
31,0.2657426921697118,0.1659996041170669,67.40090581170718,6
32,0.1373554843461784,0.3630230292707476,38.83247124419851,2
33,0.22277539834992158,0.4482229993105415,43.865902817908385,2
34,0.19611282682132064,0.43672586950504094,58.52318006466859,4
35,0.4184564660833078,0.5467923392725925,46.750733783378166,2
36,0.4128149206869345,0.3140051821074391,27.090206161823467,0
37,0.09763641688387553,0.2673681735770967,93.49370758612496,5
38,0.1043128644825762,0.3973155165864862,37.3799825461703,4
39,0.3005894687104086,0.5179230049424121,68.28520452821837,1
40,0.484535932224811,0.044297050459193174,13.53362734528699,3
41,0.33841415721411316,0.5570060222816201,78.00726561944904,5
42,0.19965816919631574,0.1182107112310122,28.92957400888962,2
43,0.09610545172892462,0.1677045138406832,85.80976903767589,5
44,0.3586363272617951,0.18169206624874498,45.87420589101878,5
45,0.26780935122536864,0.33466381000074663,107.43399213151655,5
46,0.2266600135164126,0.4012180339547959,42.949626191333515,2
47,0.34475154108927114,0.11201987632981272,26.466451815717203,2
48,0.44008011056733093,0.24773058829709105,54.546600594786426,6
49,0.15178075867080495,0.4489025728647505,40.57863159177263,4
50,0.3686829869108503,0.40523939623663296,54.178018570668954,5
51,0.093481498004131,0.27210983605037076,25.020819179324665,4
52,0.4169370602517506,0.1935395402578701,70.49513028787165,0
53,0.20554765118657026,0.21924252071054012,57.07888889277379,0
54,0.05133705525883898,0.32481298944944265,76.98371396413285,5
55,0.19701259445855032,0.12519745706690208,37.06662623765829,6
56,0.45658141660508295,0.0599646279447621,34.19220162163777,0
57,0.19412335416078108,0.3252672793261599,31.397720372449644,4
58,0.5587059827044321,0.34945278677122427,24.953228866458435,3
59,0.5565794189654709,0.05901426036654298,17.761455452041233,4
60,0.5224924680769346,0.1787404754945567,96.03945486403039,5
61,0.46494711118797205,0.4055845521543396,101.7040782711595,5
62,0.10093655090975223,0.34966318627038645,47.873700369773424,0
63,0.31257933931284165,0.17060731302912605,23.94737655128307,0
64,0.17884669935640454,0.2403037694654683,79.3277730653647,3
65,0.14552314701298852,0.03363415900939375,29.374140092787496,2
66,0.5326743430188512,0.5042105286492552,39.98145668814639,5
67,0.5308218094127874,0.09510676253345632,16.61723933135842,2
68,0.14229968992958428,0.0006274676356276955,39.289317900240036,6
69,0.292372098127963,0.29179064387222764,65.72635200415493,5
70,0.011968429869881097,0.025986914669305725,57.8354805429779,5
71,0.49240509548187666,0.35621207246721265,18.266708630281624,2
72,0.03511440269825852,0.04133759120577327,47.50421961268543,0
73,0.03652640899818303,0.0511589450253206,65.12263180508884,2
74,0.4654877175702991,0.2643627098196975,46.50433365482651,2
75,0.2873858321721173,0.022282497472116074,60.7277737370261,0
76,0.41231791636320636,0.3291606455279874,35.10097125472863,0
77,0.5143307420089098,0.46352870807611346,44.44889170890714,2
78,0.4561274392670867,0.3486200811545181,34.71526578988326,2
79,0.46794638934535576,0.13499531613187854,14.276861975024255,2
80,0.12864254414099224,0.1448235822953489,59.11104891414036,5
81,0.27397767465039363,0.5246987304515448,58.45978701372991,1
82,0.2813585119516317,0.34266263960170057,40.8609352120375,2
83,0.3926230569907329,0.14509157619142313,26.723973967517168,6
84,0.284027978120081,0.376037345573087,50.53728669835418,0
85,0.3823323679019179,0.5091155822337794,36.43398958995003,4
86,0.2679712847604921,0.4099009651520476,123.95950756045083,5
87,0.5190282283021529,0.009047210577303592,56.82230894265762,5
88,0.23820123894810752,0.10882483367856996,60.57790020488958,2
89,0.35498541151248436,0.2649407436068202,29.28319136911354,4
90,0.1552498593958412,0.04908566699496623,18.602024534207086,3
91,0.3576925754070848,0.4669934564907475,102.01046484148662,0
92,0.15553584703383733,0.43397673891450467,45.60435260541603,4
93,0.4023111798325187,0.49847746539704574,47.699025993775706,0
94,0.15863948985710458,0.020762241326865487,23.87730611030853,2
95,0.4688150472099473,0.46197694410049295,44.41660075557091,2
96,0.44390407275613747,0.18336664345662956,54.65093585211596,0
97,0.4058597545141169,0.35237949391031226,94.92137409169437,5
98,0.3474672726688036,0.27818446888587,26.43957084758602,0
99,0.5460897858406629,0.5602286474741595,21.872354733328397,0
100,0.5547973517092868,0.27261204106885845,52.67342107230187,6
101,0.22112016139202909,0.29953366988458585,31.791469546873568,0
102,0.3479154939330556,0.08323175631560853,36.61749129218704,1
103,0.13455038033628489,0.25446134207502785,43.27179097876765,6
104,0.22584224848084425,0.2098494905780552,44.00345008849661,5
105,0.14331114827932573,0.009011390928086924,13.434694817812487,6
106,0.42956423427136714,0.45905121793699477,20.0122818652037,0
107,0.25626207672142093,0.4392371409649762,70.2656719421559,5
108,0.1346427804695809,0.1677754604544488,57.56028767159567,0
109,0.3416255486712557,0.4302253845007928,71.54207048998744,5
110,0.2782420986102389,0.5387885170884413,42.53283387745093,4
111,0.5180460684982936,0.5584779499552585,74.58809755749039,0
112,0.48896692596013575,0.33736083472408607,50.67699767972606,5
113,0.5603934518946933,0.5518784988216247,35.96729537088307,2
114,0.23400181136428624,0.5352483985318031,75.6644600443791,2
115,0.06722085778254751,0.4518748625237681,49.941402667887154,2
116,0.46460849105162816,0.04113502889955628,61.27202071747778,3
117,0.0979769544979578,0.3761137935745187,27.910193515807713,0
118,0.11294776220485814,0.06278920309666568,87.47110879215873,3
119,0.1733836339831741,0.2935736427915761,68.88150784586912,0
120,0.05177829695946327,0.2535937418298352,46.52463413162101,6
121,0.2911551760659705,0.515435207981856,55.407985923257115,1
122,0.05017430243226177,0.2924598153750227,102.93810933989435,5
123,0.30698180513533313,0.40758442606094897,49.67015137058103,5
124,0.5584008051724618,0.03473251404928275,87.82805972746574,5
125,0.32101483816941945,0.3819175412275412,78.09870994489584,5
126,0.31993321306468503,0.11027390493069557,73.89652846970256,5
127,0.4343815635112741,0.35327347496541095,72.18974715250828,5
128,0.2901956928841898,0.19171260464383316,43.47718372379457,6
129,0.3026145561360127,0.08169655172252255,177.7863861511836,5
130,0.24581561309273775,0.1502472724355902,32.640023341183486,1
131,0.14784565069421426,0.06031061637167209,23.035623167443283,6
132,0.0926789268876127,0.516151747784977,42.694823756309376,0
133,0.2315725374392893,0.4827032069318632,48.29984130432738,3
134,0.22662327517957534,0.3746833124365627,18.040930971521544,0
135,0.4700083480314555,0.506367333635275,37.94121997549044,4
136,0.3124917763656127,0.21711699869238132,71.2864455770046,3
137,0.18950481678985193,0.33003189978546715,65.75246687923958,5
138,0.06347003489269432,0.185025522589038,77.74574248391993,3
139,0.3645905806091681,0.41181856226266744,18.566043414689048,1
140,0.24704572818819964,0.32262487221225683,69.95656407527062,5
141,0.5196222945904099,0.1504229313278571,33.16121445056176,4
142,0.3736308666934295,0.47359596617536054,58.807203712668425,0
143,0.24281703790502177,0.37878124949456693,99.80865415416235,5
144,0.3079745781711912,0.3756894235019126,68.73467878886696,2
145,0.5508477622615422,0.03731042398017049,94.46315161330907,5
146,0.5449416841857248,0.4482611994570114,46.13189859359985,2
147,0.40743608271034926,0.2117772536783657,40.90584891401263,6
148,0.33724469167212073,0.5302883395225461,30.100691004914815,3
149,0.13563298357688158,0.07596069512628553,73.35028186078732,5
150,0.5030658857095981,0.29940613669599664,28.483516792700346,5
151,0.49090540715607306,0.2050410041197761,44.99639646405523,6
152,0.33721645212970164,0.3345405801096534,43.28328729022056,0
153,0.2661908739545506,0.005089120934953294,60.18858475423653,6
154,0.0025207309886547086,0.006780538205547462,33.18445392796791,0
155,0.3934356563027231,0.5419292261355586,66.13814315246884,5
156,0.14266011457252478,0.40627577246797447,23.672539644301406,6
157,0.30964439747239075,0.1286864734989517,28.362845094028653,4
158,0.5262282454591634,0.23160413249136913,38.072184307272195,2
159,0.1560197849717446,0.39527373186222764,16.16054088223708,2
160,0.41988605309944876,0.08840069553922994,65.2237957140548,6
161,0.44689240889566356,0.5320149578715391,18.903297239163997,6
162,0.3814937400775287,0.400974349174503,30.587561471408105,2
163,0.5457991333354142,0.5284126833940002,34.23028491481537,3
164,0.32327844980456766,0.382392803266265,57.98010019865251,1
165,0.21580850940771368,0.12695111328109177,52.106008363654674,6
166,0.5221275466300442,0.4173256419889549,63.6412686889806,5
167,0.370849227729567,0.07049866626847165,16.84006721092007,0
168,0.09210420612353368,0.39749698294043184,45.862848798980586,0
169,0.10189611881426122,0.16516071426337955,117.64977701477777,5
170,0.1985182799674943,0.2513087455547821,84.13259371353251,5
171,0.21291540304447812,0.05540141937892659,16.37683237642095,4
172,0.3799797229674617,0.5059746677516326,78.71858966147556,6
173,0.3071180497742713,0.4451851548061221,16.3355560341185,3
174,0.03085748274787557,0.44432088809189296,41.66482634166441,2
175,0.45994468750168244,0.3101314104373431,51.8706458529519,3
176,0.4782566860043798,0.5019604433981241,39.779047687598634,2
177,0.30240900291206324,0.5079646702924345,30.41738614961101,6
178,0.3448062011248552,0.1175762151918085,38.1697830507668,4
179,0.08267567913007828,0.40475280200187397,32.77326077965653,3
180,0.007374516160444973,0.5187747770789183,23.14881365143243,0
181,0.46587391390973176,0.3409521637007853,76.6347678950642,5
182,0.4358891568732888,0.5401253261590712,70.60600074117822,2
183,0.010658099677513334,0.14481400203478903,26.702882981144747,0
184,0.4607405135890676,0.4244695583044059,57.570546731510284,1
185,0.05881582317827531,0.29517796723076917,105.41985956771059,5
186,0.48520362929615024,0.09730911823643054,59.931021495132875,3
187,0.4092462804287343,0.3548412914032636,39.087129020521864,3
188,0.20490530037044916,0.22104577528534192,128.43503093190768,5
189,0.49512171070925237,0.2818916477828342,55.47104884498776,2
190,0.16457224116481414,0.5027134928860159,51.02704454736783,2
191,0.371681377905216,0.42343393677520197,61.06439279516294,5
192,0.15114770116487197,0.23837121063336994,19.381370888943266,4
193,0.12226415938388989,0.3327633049018265,84.8823814887902,5
194,0.15480172175092907,0.2572353490639146,82.91781427618476,5
195,0.49848323048186194,0.015944036178584753,44.48552005019047,0
196,0.12597628410090572,0.4331788961288949,21.972595550480257,4
197,0.17949908182293975,0.4637611538089783,32.935508939540725,2
198,0.2860421688516328,0.20389205582569606,54.665170013997646,0
199,0.26545846844550014,0.5079551888605234,25.39408434601756,4
200,0.07331454366313833,0.08167902818896614,48.93753712883114,3
201,0.2893551988521923,0.4415064434697886,50.66279304372639,3
202,0.12489634786596339,0.3239601561588029,34.971448281607856,0
203,0.07241754945737829,0.3267416924040106,39.66546069648217,2
204,0.06384221823552426,0.0764109566535178,60.26185541426087,4
205,0.3061927191592709,0.3372080145309256,45.65425944576756,4
206,0.09000713553585547,0.15490913730186556,60.001105684355686,1
207,0.5285847835521758,0.10335376737091717,69.90288058986783,5
208,0.3010531532742362,0.3048449265324447,62.44546963124785,2
209,0.5072887494632328,0.06526854641247778,54.49007351910444,2
210,0.22574683357383377,0.4582451546534582,50.60482384033754,4
211,0.2598819028223713,0.439656765085933,21.39744219019782,4
212,0.30961217752073567,0.17998113112999706,32.435286495884284,4
213,0.533951276804541,0.5397018077563005,56.362888645382064,5
214,0.5254324771618952,0.0472989574303819,49.63691846077256,5
215,0.2609709629715224,0.44045845123804933,55.87623273390013,6
216,0.5365193862354743,0.17874006196445041,25.199493297421807,6
217,0.045200430792497304,0.4697850061166898,69.66624247232332,5
218,0.25194864178885845,0.20059082266288303,37.9054111601836,0
219,0.2652195842749439,0.39281535755109315,36.99401882306297,6
220,0.2376783345591937,0.13026553840341515,63.08075033431156,2
221,0.5248265064297615,0.00308672700529274,39.716375592743226,6
222,0.0017839122126707763,0.07414575472003751,82.38290092476252,5
223,0.46003281653422723,0.47207046950661086,34.084806527638854,4
224,0.48338444903474986,0.12898575310724866,26.535819296170093,4
225,0.028005546517139428,0.05637774133689405,35.51159323454843,0
226,0.1485330116211251,0.48874807565998213,53.2976894914328,4
227,0.04289152020509751,0.24965843237352114,33.27382453029971,0
228,0.22549114007724386,0.2131216882834469,64.1194292249294,0
229,0.15099162608061628,0.26220095475049376,67.3073455066241,3
230,0.5131200851203388,0.5287899475566152,40.29081532343211,4
231,0.0014419049034325052,0.2922615517183765,48.03690188817086,2
232,0.5198015242502688,0.19654714157001804,18.653810658492834,2
233,0.08817120505046365,0.16453082902793884,36.974411234831315,2
234,0.35722568757347317,0.21175170893685305,69.74826873261404,0
235,0.42167290174866245,0.5246341535772127,46.22250768981134,0
236,0.1985429644254639,0.4495187454591257,46.21179096552306,1
237,0.029133985190040443,0.10799914948146053,93.15135738404012,3
238,0.07269503488357419,0.0004329739328803741,65.9311643478499,5
239,0.5347876589042401,0.45491255839657857,66.97848034904212,5
240,0.3352802589924776,0.15073830004608185,70.92640580798482,3
241,0.33748887767241204,0.29917198815031276,27.303918993063117,4
242,0.09908011772279415,0.1057070301462498,22.495735575597358,0
243,0.03883661718945412,0.2672549454928774,32.406270982903024,4
244,0.40926110266257265,0.28252368959277674,80.31152867240654,5
245,0.08948615389378295,0.30861597830269394,30.75607476738744,4
246,0.040502099710068504,0.44447316851339885,25.96579173666311,0
247,0.18522313197013268,0.4944341131076183,38.49561024107243,1
248,0.14952144039722998,0.20462859308654688,36.854563636315945,0
249,0.46494311481917505,0.46845105874059745,47.743191210283854,3
250,0.3388793807765653,0.17526445552476771,81.82698169443526,5
251,0.542800949947693,0.29000066219098247,17.763293343692876,4
252,0.10023677246488034,0.08986699669039354,63.36823048879132,6
253,0.19988331455161082,0.3439931469611436,65.7272891518221,5
254,0.5340627856788289,0.2549018084230159,65.22334506826417,3
255,0.17973543916838705,0.002913328808721447,63.814396351449254,5
256,0.3533143494144763,0.3987544378920583,41.94057442658214,0
257,0.4194689036668203,0.13074151221994307,92.24872183442726,5
258,0.45895517666030305,0.21226473692870299,56.62459057425732,3
259,0.0722679882337995,0.48946193577735037,53.73309148098812,2
260,0.5567166572201422,0.4586782768263912,47.164350470228555,5
261,0.4629241771555201,0.2477378378656563,146.8404451974656,5
262,0.2801309788566573,0.5282819076305999,56.09367408440427,1
263,0.41878634807392967,0.25175888089311843,26.028717603192536,6
264,0.3774803973631057,0.5423393760107504,28.720044310409204,0
265,0.26789214573432774,0.0009650375872618284,52.232091541919466,2
266,0.016877509818037997,0.5312266025683354,55.9754783195068,1
267,0.35782058569288366,0.43121105937725696,84.77868889580625,5
268,0.027583070475095034,0.3821856847007595,30.834822351755818,6
269,0.21903806510316454,0.3553447879071519,33.1541579411708,4
270,0.45948577399845675,0.5221734364811295,40.3241375060425,5
271,0.39095113887147437,0.05307767807547025,61.21106968736647,4
272,0.08317593352911945,0.19014484719029878,37.57832797994771,4
273,0.34009746552646863,0.32563214297007326,24.38197424578517,0
274,0.4880409497237672,0.28148346760244536,30.64129413338789,6
275,0.508736138681587,0.052548752079967294,39.29044991760249,5
276,0.1439519956602728,0.5085224087405168,50.20750709843923,1
277,0.34335615550214615,0.24340656729578963,26.57265425985878,2
278,0.5183505781234498,0.5545368999518426,62.43652869153965,4
279,0.12802803037590424,0.1562875879913415,209.4828262256573,5
280,0.16132143754200576,0.39358814764912997,66.35339098008268,5
281,0.04962813994086705,0.3605950666599887,40.53631943502124,6
282,0.2668228398560483,0.1250084038831621,47.20059582999486,5
283,0.18629362741389427,0.3649181640307692,16.896955095536132,3
284,0.24365625093793916,0.21848888352036924,26.911401221611946,4
285,0.14118253470355138,0.5221488785355238,77.21617066349837,6
286,0.20279897836697178,0.2751841700401094,34.12457586845253,3
287,0.286604515987706,0.20647075680623578,47.098272010197505,4
288,0.5330781128229181,0.10585953111787966,38.77094276284884,0
289,0.36066150914949974,0.2782687025149613,49.885919867826566,2
290,0.40178061546030536,0.5370453571052708,40.57514400357595,0
291,0.49969163399822375,0.4850716613674692,34.59288083289861,0
292,0.366184585571489,0.24313309978472633,83.52184065257812,5
293,0.020279169258813904,0.2201278728903624,21.962670858305305,4
294,0.3758931790533638,0.09863353470678035,53.35125506093294,5
295,0.334303097687346,0.174531197317197,15.639915432213009,2
296,0.1691274542689651,0.3888406527026428,40.99231452400896,2
297,0.14193739458996038,0.1521960658685398,69.21036295166569,5
298,0.44257329063744194,0.16304351268348433,51.997958792661,0
299,0.2753672611898154,0.047309708967804565,49.45083296522732,3
300,0.27962924823092655,0.49827882225916026,107.47391802281659,5
301,0.5192825256832951,0.19740510591546037,52.19245806696044,3
302,0.4598854933459676,0.28738049507272445,19.120174566840436,4
303,0.19753560815344015,0.23343725018265793,17.829496662570833,2
304,0.06547523270873759,0.106251846467749,38.08493033713023,0
305,0.3923167224550158,0.4170671847462169,61.339731699073454,5
306,0.13695760108988883,0.3019921277761059,66.52630201848592,5
307,0.18399301600206372,0.15029529969021382,77.58468628384972,2
308,0.37088398929243144,0.009572399477840983,39.70930542227659,6
309,0.011811085897364,0.5003930114634594,44.687386213359616,1
310,0.33069266606355546,0.5557539327255815,17.6369024304384,2
311,0.01745373547829375,0.3832766727665531,33.522965200198016,1
312,0.20399742994730177,0.5125238862646447,41.767742026048566,3
313,0.4458408889514506,0.1050674770141254,133.2943396689242,5
314,0.2963208979209703,0.46119114280869555,87.72875363899603,4
315,0.1452777876984162,0.046038519896702254,28.648415200971485,6
316,0.5552550712402787,0.3436453369525308,35.98740369588946,1
317,0.49743752504236854,0.2826914334744708,26.71231208570375,4
318,0.04736590214519048,0.5345989171110235,46.124173773060186,0
319,0.5511603147528303,0.2072499807824556,70.90633205181328,3
320,0.5339004238779992,0.4704059349175091,66.00123192152816,5
321,0.3765484231973969,0.008956038782637668,54.112880085900976,2
322,0.04596389896666807,0.41482276856795713,56.78881130096757,5
323,0.358177886825144,0.023460221879785168,25.44935493818492,3
324,0.26832140407853183,0.18325393953872438,33.81431886032212,3
325,0.33090680573998354,0.179857741779275,115.35021212757309,4
326,0.2258760586383522,0.4273259738194717,72.77799789824533,6
327,0.3199183005681361,0.23672869728527193,45.46920235496178,6
328,0.39461656511573495,0.23223191551281183,32.34275812449734,2
329,0.15520030342557736,0.47650662648020625,25.564741639720506,4
330,0.2670563681486304,0.17922846927344444,54.62835287325476,6
331,0.5241817132163505,0.4646009394341948,40.13435835294708,6
332,0.407114798085751,0.2544263341424485,90.3728039603308,5
333,0.16036870603827647,0.16703462164822688,43.517767439967194,3
334,0.2928584856254316,0.11847951557804304,111.55452097616963,5
335,0.11556949309657444,0.46699654762971154,34.17914780793954,1
336,0.21544393427931618,0.46791238751872555,53.7159776568181,0
337,0.4910734584615932,0.07669589921833667,21.976144221359448,2
338,0.017415790836553226,0.022472313672892222,70.19238260553324,5
339,0.026154175884360937,0.12926783056602673,70.54452302217136,2
340,0.0539972495855678,0.5024044876590964,16.205710997018336,3
341,0.4937479129397489,0.5571350905996594,68.91893017882839,5
342,0.5260574366292478,0.048875889130920405,80.37544083343083,5
343,0.2693568740379873,0.20572776704183499,12.641667271793445,1
344,0.15690233590744193,0.34967645582915846,113.94578836481867,5
345,0.43076637790559286,0.03155119686361759,99.54685742670719,3
346,0.5240585414888039,0.2555442352695695,85.25165568119921,5
347,0.2644063815478425,0.4922141953939609,22.523230416552515,3
348,0.5434487962270081,0.11899138073280442,52.684690971475284,5
349,0.19107473155268995,0.13008546536566348,51.36054661358166,2
350,0.5456194259238093,0.2629605931539518,72.66379697473202,5
351,0.5087803752334619,0.41528385484969715,61.074898693880556,5
352,0.4559626441350441,0.04298249535168657,28.104144080183797,4
353,0.0576701749729558,0.28359631519769074,59.010275235180735,3
354,0.19205730942384325,0.28148618809769543,25.062037859173387,1
355,0.08985160271410883,0.023321838901214465,58.11671431532567,2
356,0.21916532607013067,0.11032825415625848,48.6388991237217,2
357,0.14964633649759781,0.48256953433437244,83.58308163620784,5
358,0.28553864852063615,0.05949932322411869,47.43176169539006,4
359,0.33069526206237543,0.24915449291258068,54.019270704898226,5
360,0.39094731237541325,0.4811257029960429,92.80366366381908,5
361,0.5016463685330325,0.11474117417531408,75.27605338390588,3
362,0.39814475536391875,0.3843835930415404,35.04107033640102,1
363,0.2640236242612124,0.4571164123650349,34.69153490627366,0
364,0.47824566000268165,0.2511959436500477,31.064608370485654,2
365,0.5436153018149493,0.10278096011303574,104.25895574833558,0
366,0.22345217896342567,0.18366869285280304,78.05536139377875,3
367,0.44697787846108816,0.018376046872735693,73.637168555591,5
368,0.5495353338359037,0.08952750675551786,30.293159780120963,6
369,0.325813959161214,0.2407726604334149,69.30681616640157,5
370,0.009605995588586724,0.4340688159601443,94.81626925468676,5
371,0.49229786575446294,0.526284222205027,33.002619736999804,6
372,0.46544466395932627,0.2842546989248102,27.572200984440663,2
373,0.343884521847429,0.48048899821209706,71.07175817351495,1
374,0.4184819008645531,0.4668851270136862,26.38654465695429,0
375,0.40290841774754416,0.4262711752866637,40.45727336277162,4
376,0.433354305538449,0.2438030770950543,36.47231850970996,2
377,0.2814593592366374,0.062186194924994706,66.11320630449497,3
378,0.43606395193844677,0.5037554357184408,34.179194294437096,2
379,0.14282081428870574,0.47840858713290957,67.56864758770638,5
380,0.026156939133322923,0.2957392547858313,54.89187737536805,0
381,0.5081093580754692,0.5354536050749039,18.61406148490974,3
382,0.3468003919308799,0.5035865535732279,83.27621915599597,5
383,0.12943573189548535,0.03115627268112655,57.70171536537624,4
384,0.13222219419015002,0.5191917053410646,49.90547917831689,1
385,0.27377280241034035,0.0004767372747961435,75.48296582184048,5
386,0.4975637656476385,0.5300810649639105,44.47269116416662,3
387,0.23837943027514893,0.2193768077714743,36.14626893163672,0
388,0.5190157988212857,0.4350671768857401,48.05058398650927,5
389,0.4966461336625702,0.3931921249763013,56.15677438162656,5
390,0.46746333680080876,0.16541524213824044,34.32285959026894,4
391,0.47818671609321806,0.5455215854414034,41.971561650233724,6
392,0.3844172777020053,0.20798932803360437,32.04620944650152,0
393,0.1556886562625638,0.1842565142963407,38.85280968086379,0
394,0.4394588875464074,0.46934631736579396,96.81657950664385,5
395,0.04443040678208762,0.23712299800336226,30.564283907797076,6
396,0.493104094366702,0.2686076695082767,51.657294520057526,2
397,0.2455192216572302,0.3393335111224138,50.938431948325565,1
398,0.3428070406212826,0.4201401022041968,70.66830298258319,4
399,0.43655678199248804,0.048370629500881925,34.786516512872545,6
400,0.13286402329989314,0.40655099400021877,21.337975954303943,3
401,0.3368091087962853,0.4969782306098257,53.7569606328624,1
402,0.48470830414499605,0.46729805295955823,64.05708854355561,5
403,0.3347108881334285,0.32221114256356276,47.90423553555609,5
404,0.03958089080228463,0.3181049982808219,22.503108569951102,1
405,0.41542598666942293,0.09881655547313746,37.69196321021248,6
406,0.026796753445323892,0.39135436317333294,44.5991649204926,2
407,0.2079065578737352,0.002159874634704277,52.59305810978027,0
408,0.4339717432762407,0.15756081770653857,134.9643541752231,5
409,0.13973114943333675,0.004280273036896586,29.200174861448655,0
410,0.12936479041508078,0.21808414464092787,54.48884547233487,5
411,0.034065007375550925,0.03582876333528869,43.70854850746313,1
412,0.0736544766608718,0.5079431387339312,44.62573134167843,6
413,0.239633040391382,0.49461845196131876,33.13720592268453,2
414,0.43925028684240336,0.14970637092269187,25.31296832117123,0
415,0.3562238326190188,0.21668937253391904,41.425142076902794,0
416,0.29895705698246494,0.0743990915543222,31.423242820622622,2
417,0.01082227379927155,0.4706670155856904,45.908472666839295,5
418,0.3643830048926647,0.00404449015141186,47.29410320228494,3
419,0.162289056940686,0.0037776435360202514,39.229623907064884,4
420,0.5446166611720061,0.05169728021135341,57.65731884923389,5
421,0.12306770720100765,0.45506013248288507,45.87647819961883,4
422,0.0037321484142658775,0.20326122024733345,88.1801897830892,5
423,0.014240914751344421,0.39939419058716324,98.3198138525573,5
424,0.1599890553824062,0.4662784218406806,49.278862090041336,6
425,0.17064703447093602,0.20692353539457523,30.664268536530123,4
426,0.21586216663675956,0.3950231344145788,33.46325017625946,0
427,0.44819274299023076,0.4832983772690051,28.321661034682535,0
428,0.41396227082385445,0.33669855280520544,57.72082705583146,4
429,0.4870755847484831,0.4988921591580762,39.661895040779044,0
430,0.23165457092112213,0.17766703186870006,65.7475951633424,2
431,0.5314084443111577,0.4032695821554787,48.93570237106436,3
432,0.5095649366876809,0.048889885965741765,71.34931940657707,5
433,0.221020156537578,0.17423287214272032,28.848229099982845,6
434,0.29281264373057625,0.04889385989883943,71.65295785367827,2
435,0.22160423589771444,0.5602729314225886,28.175470842758006,4
436,0.4924960312975291,0.3979524119018278,41.70030082458325,1
437,0.5184146902770713,0.3787673844906733,22.222839739271706,2
438,0.5498614315364039,0.28757494963535474,81.06220574418629,5
439,0.09666615519590582,0.4922189766473603,36.971617109405976,1
440,0.14669584298669303,0.3599545669077191,65.67766344368889,2
441,0.07160386328465859,0.5213968133825239,28.280134814768093,0
442,0.05212670155658397,0.20727947244428802,41.67909377394272,2
443,0.5310952006256044,0.12365972938323928,42.362257518354355,6
444,0.36623210200331424,0.24112307804383942,61.92263403222991,3
445,0.03845031835544335,0.43562027679358634,26.804653013137568,1
446,0.1232050403137892,0.12741064445744832,65.05273169726259,5
447,0.16538245567134607,0.15387818012138338,41.93464070614724,4
448,0.5115277664655933,0.40517202160075577,56.0025599969177,4
449,0.19538718340660288,0.19784266777767975,25.162384856163044,2
450,0.5569756983701502,0.17405741752725767,48.95932856370051,4
451,0.5601363115342048,0.17062892981308955,35.911727156213914,2
452,0.5169513485951479,0.0024725835102137267,62.104595914509524,5
453,0.16974615264837717,0.19444614813583133,34.03524594202798,2
454,0.48718838489228916,0.5130415227931149,33.79264389714547,0
455,0.2485318139141862,0.2006656565119747,12.217553710550003,2
456,0.3650563573389929,0.00912730003677169,49.848686968548535,6
457,0.2540067595186114,0.46874417680878316,17.41282087081365,0
458,0.020174262563978286,0.1704632077888641,23.115761973540266,6
459,0.2728857838742146,0.27953050210294816,43.745360894296326,2
460,0.049254022683130845,0.07702398352401545,30.762600620688488,0
461,0.16799445388211864,0.48821754315895854,77.74385775027247,5
462,0.5518073693602299,0.4588926835059184,25.153082785501223,1
463,0.36234648546150205,0.47013386520041606,35.91930448560806,4
464,0.471974297922954,0.08814196507517917,36.345428252446965,0
465,0.28543886150376346,0.22821108343640775,55.1775878163647,4
466,0.37254395594856643,0.43705547838971104,107.473547651367,5
467,0.5424506550147615,0.18712491499450729,40.05787690947781,6
468,0.5492214446775289,0.4505504949043754,41.4780102738819,2
469,0.3747239095869826,0.04163962877120699,22.100293807361354,2
470,0.265997628551565,0.17250761807511206,65.72304579657609,1
471,0.005110917633403363,0.5366423732235329,57.23862894919933,5
472,0.053199581300089345,0.42002026015668853,28.163694342906247,3
473,0.46215745899274385,0.22340405741498404,28.224429833438872,2
474,0.23244930360704924,0.1379979017392969,95.8242795700768,5
475,0.034377725995592884,0.5286681352967574,65.21686744190117,1
476,0.2888901644855146,0.383737757650731,43.7568082375974,0
477,0.04532482953313053,0.07010934601515015,26.372851709526554,2
478,0.24740304382573033,0.43223671148318815,41.61119340871569,0
479,0.12332674717951432,0.25043845831152073,67.03049208452416,3
480,0.4390796995032919,0.5198388584367216,72.38491513341691,0
481,0.17545004549776674,0.1602595436034024,22.03987965465168,3
482,0.385752873288955,0.4703421323397819,44.7764224755955,0
483,0.22116758524712035,0.042332636379023035,67.5339493537927,5
484,0.441580176428276,0.31518879814073064,65.16030698753504,2
485,0.37718071634635386,0.5439333172898753,28.815783847791675,1
486,0.11210836172382557,0.4492924372886082,41.83410556938284,0
487,0.3034303042622047,0.1752072548789517,46.72938100095013,3
488,0.321048496168981,0.14795330675081614,41.8485594753747,1
489,0.045008252431773414,0.02240211305359668,24.66027481472519,2
490,0.09544693467017495,0.30633270124463036,33.67575884244746,5
491,0.5276057422112546,0.44583303886864606,142.71216861677473,5
492,0.46839468937209955,0.23211426310769395,64.2458229870429,5
493,0.10174160096016836,0.10049729944300702,89.2180176021268,0
494,0.18803634354042253,0.4007276191739137,48.7783041169035,0
495,0.14036687964574845,0.14082107827011156,76.53528315382145,5
496,0.4131701677777137,0.4057513305371025,19.770176609926626,4
497,0.21568091359827818,0.5391569316662342,29.399553166187367,0
498,0.23617942262812205,0.4031777798414481,66.19665235683054,5
499,0.13408937894414105,0.17512296643237518,35.59155261590606,2
500,0.12590339532450565,0.5082914640287288,11.812398815796927,6
501,0.23744292593811323,0.01195967440198701,37.15690300104787,4
502,0.03685516431728206,0.18764128734831778,136.05186101267378,5
503,0.2592758280966789,0.41526972261777567,27.940220147256593,1
504,0.05743429747706633,0.11785502893347602,125.42194590994401,5
505,0.12890045526249422,0.3944738467869003,51.26146009333257,2
506,0.11927440692850258,0.3928623838642279,53.43611365821624,5
507,0.14890754577677,0.21405906695552676,26.543704875245343,4
508,0.37635392326943856,0.4509253535536142,75.84009505962577,5
509,0.22313736432308315,0.16288827543675244,53.16689818386436,5
510,0.3316987143200594,0.13207635634743217,97.48063113942294,5
511,0.006187841739031101,0.21538045322975838,79.0335359188109,5
512,0.1575433820432238,0.22590895624406726,36.65928913416265,6
513,0.469977657141986,0.29502078341259735,49.10733744200984,3
514,0.35382559471627106,0.16422338233369496,53.042952273063186,0
515,0.0459497532252007,0.4845260948488915,51.32718136310754,6
516,0.08994307920314966,0.24507803362515518,47.61320569249538,3
517,0.20890442999157227,0.3480338878591854,60.09739605471708,0
518,0.14871071586778847,0.2847975432459838,45.57333536689142,2
519,0.3330229485701503,0.21865135757816664,68.13903778344428,4
520,0.00800072094904927,0.11435033918159747,40.08072000456579,0
521,0.4381327960725426,0.28484639715896776,33.69121976646424,2
522,0.04146708126816831,0.06879659288237412,99.63711192441713,5
523,0.5478353111822589,0.34793112224299544,21.674673555511617,4
524,0.03967496805385518,0.45972601547438335,28.438078036858787,2
525,0.1552161437876957,0.35154394831781877,35.52307286902848,0
526,0.12325703545527589,0.36306030175386894,51.461948967215875,0
527,0.34300579717984025,0.2513809656771089,42.03291380215957,2
528,0.36211571629811445,0.11808857417939278,61.61267551647711,0
529,0.4633349945732608,0.1666148330343175,43.6984922305226,6
530,0.17712806201400746,0.43308103172508156,25.113037866029273,2
531,0.2812611270316101,0.055375154493031986,91.67330138160587,5
532,0.15381867936135157,0.4933110807972288,54.20659994113698,5
533,0.3393442661347366,0.4997742938165249,86.25120334067861,5
534,0.5452469665252411,0.25909111161334203,36.77214595735174,4
535,0.24487233576961473,0.5255357063008961,23.723224244352924,4
536,0.23797884668376248,0.4873402863101573,33.13067330524232,6
537,0.007615019106880505,0.20318884299772838,83.7096336650382,5
538,0.5291320773426831,0.1152268597830933,70.14544107493033,4
539,0.10159232504191734,0.3596062784397183,76.33323505185146,5
540,0.25938478140406207,0.5128077071686448,77.46280849330374,0
541,0.23019282688018303,0.48028060054839444,50.72050789408307,3
542,0.24833306639274277,0.40873764717696126,69.70383451358217,1
543,0.3088732531222792,0.46074229256240823,74.19278276208821,5
544,0.20547611184745604,0.08905522118770799,35.49198660387283,3
545,0.38584056750068474,0.060195492338640334,42.05593648146277,6
546,0.35777797757649904,0.23187277138165768,81.60955018946768,0
547,0.21763688787600913,0.2190047012983386,69.50482363118326,0
548,0.558952876686406,0.20748340433386162,64.34624686188502,4
549,0.2470719159581854,0.17529048082750812,47.662794955701514,6
550,0.5097957840519646,0.026256369175713192,51.11593398180871,5
551,0.23718388755661324,0.26897283939626876,80.26578186818288,5
552,0.29357532209121834,0.23196520233229656,23.287279931055696,4
553,0.5554588118128493,0.5075946662941427,76.69354938415509,5
554,0.3225800945958249,0.018851600607905854,29.817592072885564,1
555,0.4737336559745439,0.3888433517229479,66.94872800076983,6
556,0.05836788852828871,0.22823079901034762,63.551018800196516,5
557,0.4672189739037318,0.27944860368521385,89.82696518286373,3
558,0.2000161886146837,0.5545788156124679,36.27983679382928,1
559,0.2789707351497736,0.21766618375978775,74.73321814186846,3
560,0.06454910466452395,0.12390235030403195,59.97663762426641,5
561,0.14915232098415493,0.42387358951264925,45.013006147576846,0
562,0.4982219148566271,0.15531758009943192,38.412213870018995,2
563,0.3948443844667524,0.10536737952759552,31.424119648147776,2
564,0.13694961736027236,0.43447917556631815,52.714669746261556,6
565,0.5384225491496913,0.03265016397038877,31.568305525847258,6
566,0.11222349684283661,0.39586957303098796,66.4430997509682,5
567,0.40669495421858076,0.5203699797327289,21.721499119317567,0
568,0.2969582296341408,0.21424545372636625,40.48751761418209,6
569,0.4129862519299222,0.33808990845798526,83.93734529162296,2
570,0.08796412134513969,0.07362905727519366,27.04266619430813,6
571,0.3855810493072353,0.4856396595966507,58.6115532300439,6
572,0.3512173916695231,0.4790541521324722,51.285194258987694,1
573,0.031716803765227085,0.09514611364726938,124.17837912240212,5
574,0.460905248991194,0.36154184836588615,25.227436210645706,2
575,0.379542874027389,0.49828856333569616,81.99541676054406,5
576,0.3405952848162847,0.5120127176334137,34.00087625840357,4
577,0.19427973164738258,0.008554253145234671,52.826376493689644,4
578,0.17655209432732363,0.27426292658933193,71.91594863728326,3
579,0.057040736842634346,0.04510133407857764,91.74170770244066,5
580,0.4158477414845743,0.16119319989720826,64.11449724420413,5
581,0.11978485604620882,0.20231621292651775,120.80315619780563,5
582,0.06765598002114169,0.02787423988932684,37.763884557043966,0
583,0.1294551583440423,0.3551695143861387,54.746164644216336,5
584,0.027370515472707666,0.35299179054614055,95.74358045426726,5
585,0.008018275349609668,0.30443227843787013,62.68552215586021,5
586,0.043409239830566854,0.37659187545251704,62.71951494650473,5
587,0.12685177089520944,0.17065479243933776,28.714729406129337,0
588,0.12801066367195255,0.5009310565008976,50.764272264778306,1
589,0.12685153455396161,0.5193555870859861,36.126386154354904,6
590,0.2012146481649678,0.4986986704796215,54.187235160948575,5
591,0.3493471410236235,0.3760746059555926,46.05505440379336,0
592,0.0544540077173486,0.4998518921296124,44.59516809382687,4
593,0.38228545087801497,0.48725744787169895,16.608918231491167,0
594,0.18095509785071412,0.561693457835687,48.37475272326963,5
595,0.2597707815476862,0.5493665407051268,45.720405774648285,1
596,0.4312979862662711,0.47640826605124303,69.25994844457824,3
597,0.45026855161725177,0.49267295686480594,59.733115844049316,5
598,0.04826804258842115,0.15527977295560838,45.24764423391703,2
599,0.15165121472571794,0.43615838957436953,68.51144987416171,3
600,0.3922124890878767,0.09331685376750955,22.58972410098385,0
601,0.04882386958748135,0.34685096917751473,44.274502109628344,2
602,0.23018765642541342,0.34480336625427094,74.10716423706089,5
603,0.34100404570447856,0.10993692897723933,27.392455322961318,4
604,0.2035446870721266,0.12189541550729065,31.866643807928888,1
605,0.23960489882403227,0.4182914575035909,32.215486801161276,1
606,0.07628555804148919,0.04038203388294729,33.637152336811425,2
607,0.557220888257797,0.3650788855426392,54.84317827831452,2
608,0.2759023956908242,0.5348798892298418,33.69806307218234,1
609,0.41284644034573303,0.030529972308042767,101.01770249420052,5
610,0.19581507081140775,0.3907484201239692,72.79068112719735,0
611,0.12409379575964197,0.008469140126590875,94.19319106974785,5
612,0.1090873753794141,0.17066227335623935,42.51525029503829,0
613,0.013576583063699752,0.5253802716516617,103.84931027916087,5
614,0.05067197871660766,0.5145384321050815,45.35824735785525,4
615,0.2702269185877117,0.5407788742918797,49.44497246858301,1
616,0.25589335271158975,0.17797032285808337,41.523255305796845,2
617,0.02491318490006585,0.3588889116479968,48.44075628921707,0
618,0.22426474070504943,0.053537644819705146,92.29393937475231,2
619,0.09426693106322519,0.33449207688101484,123.85432996424161,5
620,0.3031501035602174,0.24342201557983353,28.542925168023388,1
621,0.5377345884986472,0.04903401057984937,27.61890931158399,4
622,0.5582380445087278,0.32071337803659145,20.03121101906134,0
623,0.26008170946248454,0.02921984385071132,35.0909754244875,2
624,0.215913130292617,0.030617561571892635,37.63498321542978,4
625,0.5546709143450941,0.3402166534906191,58.194991348481,2
626,0.24125812399950888,0.10388688527452365,47.76732415789182,3
627,0.08385763261085563,0.21347278533570668,36.25220988743553,6
628,0.265675091898477,0.15103498302057458,91.86943733855874,4
629,0.44162999311467643,0.48906280843992317,24.86930477099554,5
630,0.21314911002615292,0.21380905763512,72.97979383484771,5
631,0.31428787547135434,0.07577856809565593,47.83892984827193,2
632,0.5422940109692659,0.4214744183331734,67.4986771315765,3
633,0.29432492954668604,0.07791025833761483,52.24604465559442,4
634,0.30729453553235236,0.5539212885230624,50.94308603915618,4
635,0.055072985981675864,0.09113639137706402,42.69856228710002,2
636,0.43660508954186916,0.3026051320063449,38.6372319298658,6
637,0.3650304258520911,0.5572946847458558,30.571001554249477,4
638,0.5492141412533488,0.19061336557887132,28.042725207904546,4
639,0.028636920411638664,0.13021009323715146,68.87214930456231,5
640,0.5616084327610081,0.4255020287943307,92.13529025028886,5
641,0.43537084708311047,0.02902099105645079,81.43208422275212,5
642,0.20272266967806166,0.503383231644106,86.86718565356358,5
643,0.46891504421994373,0.475922658579222,11.977507068575697,0
644,0.024735040923786197,0.45312803759751236,40.8147280820197,0
645,0.2961708669942716,0.32801293193052783,81.50061056061193,5
646,0.4103899447266637,0.4180750588650901,41.77208706893279,4
647,0.1970371850616178,0.1247476305973894,58.879539523657655,4
648,0.04181724671722501,0.019452918121043244,41.10659801249759,6
649,0.321462294369558,0.3682077177153572,24.587613396039117,2
650,0.12319203973699033,0.5397584226387401,58.08829521093278,2
651,0.24075165680875985,0.018727382062562904,76.37697834669187,6
652,0.3100811885390292,0.09235008698839704,25.05164182986222,1
653,0.2147369556082913,0.4877348643619001,48.68081348516223,0
654,0.07531935447917436,0.4945008418329352,47.15102214720506,6
655,0.21657039422580215,0.29387695930075397,65.60509161811916,0
656,0.46040814502013205,0.3651838850248237,93.59014760354218,5
657,0.15439849858358792,0.10476439441490318,34.24790508056194,6
658,0.5173105305420967,0.0984394486644898,23.723151965437953,2
659,0.08029128258071878,0.2637396187326375,84.72053976158446,0
660,0.5307789606011923,0.04685936386508167,91.61320073415742,3
661,0.4614795169584114,0.3079413238181319,25.283421302808645,3
662,0.013036220825556964,0.24480855520742065,70.94817276313933,5
663,0.5560727817752816,0.3586257086881626,23.815189862208904,3
664,0.2508961016907122,0.4123239756981242,77.00817157532687,5
665,0.1889883345672351,0.4620453324282688,66.3337113788424,5
666,0.17371577979549155,0.028932850604536733,47.27369863947391,4
667,0.03586143272627135,0.061592331197505984,62.17610709735246,5
668,0.3644568813221688,0.5384999970107439,60.80121898465977,5
669,0.45855921360527424,0.47143293226351624,32.44840723904077,2
670,0.5520638507958094,0.03098271037955235,26.85245971843657,2
671,0.16351183030766644,0.07143754833711079,41.22609275530239,4
672,0.17481285282005052,0.32240031809890785,40.42134231849588,1
673,0.5430086471253095,0.4943751064903926,34.86950699583005,2
674,0.32982741015754596,0.05235657345615932,32.41864469143411,4
675,0.34079817285314556,0.5426948129907279,45.629959304142474,6
676,0.09874072937555736,0.26424260118383697,45.15020246993792,0
677,0.385633643482126,0.54553019334617,21.876186415684554,4
678,0.2886516916503729,0.5490978982266979,27.54359552591578,6
679,0.1922188212586686,0.01775477234574133,23.043931483048716,3
680,0.4556139134708292,0.25278685526334327,36.74142625451286,3
681,0.2238668708121055,0.41848396622526135,71.85556926787676,5
682,0.3207083737938933,0.4967518494869163,62.44857078105845,0
683,0.4352584081416653,0.2653911911498436,29.33630083980507,0
684,0.28673524164733377,0.17112946971188867,42.519960488278144,6
685,0.3565138028681078,0.23573663211675594,23.569544854462652,0
686,0.14583453316895256,0.18449201326027947,40.930265833600224,6
687,0.5440420032577664,0.047279364493315594,94.62413395754066,5
688,0.3993080529987222,0.44568524496907974,39.97903689306071,0
689,0.46748120269691074,0.09943530378661407,44.45772281932157,2
690,0.3032995019919599,0.18279375220611122,32.47414529042682,6
691,0.011427965007849716,0.2937249479273719,30.154012206144085,0
692,0.4038475904948149,0.31243269357058223,49.91892585085857,0
693,0.020553097244216615,0.25530668205506984,94.22926615133458,5
694,0.2939133386065222,0.4868477886904256,50.51550096711747,5
695,0.4528019423286288,0.5098050790201991,40.04366175671133,0
696,0.40018190694381034,0.5043127133772729,37.00403672529631,1
697,0.3137809811890944,0.5537582275104412,30.846634733842915,0
698,0.2734864511668995,0.49873894346529674,50.80352804701718,0
699,0.012556722691054666,0.12175503792937255,57.73068193994335,0
700,0.015569315131868901,0.04117732226986988,69.99790126984774,5
701,0.42424840249153317,0.10819989930126091,35.552719982644184,4
702,0.3594225820199393,0.515409688033515,39.64465641183157,0
703,0.24821129192963412,0.19087907102645216,83.6319410159833,2
704,0.276611035006048,0.020474599467993838,68.18395628168689,6
705,0.01437908116725847,0.48319751611878836,14.198429530562327,1
706,0.5229624835258866,0.0500164245434224,92.03114312012107,6
707,0.18433376325317832,0.17802183681169975,21.2210605707545,4
708,0.503475552286359,0.37566481495167736,69.76136701795163,3
709,0.06869995211961856,0.35678992761240247,129.85256530858098,5
710,0.48330126052330563,0.20614601583095418,94.42783213053596,5
711,0.3660983548061185,0.30327123773442227,100.52144851933195,5
712,0.3015530824729121,0.012468772366367682,38.29736229211504,2
713,0.38440132150683165,0.03323671062859482,50.43373427737653,2
714,0.3021956535041277,0.46665487701040614,72.21186274592652,2
715,0.004705395960176915,0.5071383364728044,17.37419962458936,0
716,0.31400939263175304,0.2564181184276919,66.19508015441524,2
717,0.22387992852657645,0.07315212005411689,26.437542059945038,2
718,0.10289401819308182,0.23332727551805474,49.115371852707504,6
719,0.29429577042862404,0.45705599831031846,42.08902791096678,6
720,0.43677986674097574,0.5409998222306495,32.43620701021044,0
721,0.36320546563005807,0.03275696526372774,60.09854292613142,3
722,0.030419348074778117,0.12678171017767992,24.251852134317204,0
723,0.5554903669517657,0.3061999320975236,25.28513104164274,4
724,0.4291566119571943,0.5171607009643625,40.45400723026492,1
725,0.11769075461327619,0.477074774118082,84.8016562441431,5
726,0.4752687246684814,0.37048349371096284,55.98214887914323,3
727,0.32012793628757086,0.44662049665903936,23.01194861432943,6
728,0.04075891863092548,0.4965912868582729,51.72175561786677,2
729,0.5232650338096737,0.3833049231755987,44.724408884374924,6
730,0.34489857443247646,0.08729889006259116,80.25933171617397,3
731,0.28082698907166204,0.3275868971944259,43.16612965627792,0
732,0.06081492253152795,0.5054477955192908,76.38214920912874,5
733,0.02914285106541317,0.2582198313134277,61.21143207969354,5
734,0.134869210449959,0.32321544429939414,35.667317455410554,4
735,0.3475548281504605,0.19334794245836195,41.260841448033126,1
736,0.452969974128957,0.4635498256112086,51.228590527524084,0
737,0.09239098125880636,0.3260398418669358,27.083107357308737,2
738,0.3798727435702226,0.44508037687886715,32.70036751733643,1
739,0.1625741000086454,0.239278688008094,27.280297827965803,3
740,0.19176200873686158,0.23728530402721398,39.51607441884878,2
741,0.14117879417171209,0.38842889913028483,36.52465526096402,2
742,0.00971177662909829,0.15328670716015147,31.07959641310698,2
743,0.5611715187105986,0.31331215824499004,77.04382953389914,5
744,0.22998766016119612,0.3416734252631951,23.910750412667802,0
745,0.4678688149112745,0.24379743974899637,42.535678648536305,3
746,0.40250745029136564,0.23819780825428905,39.27519799078817,0
747,0.027306662214700732,0.4809591031249364,33.458822714882004,1
748,0.24674721003612052,0.46259446412681215,86.47182861667575,5
749,0.12406685233730216,0.3103608924498966,18.940519373857036,2
750,0.19361813172298498,0.46081717187139665,89.19096807487655,5
751,0.3297888991623062,0.19576915935448078,22.361829415096008,2
752,0.2837791106803353,0.4791510047594154,53.906655082740656,1
753,0.12664746892548556,0.23723128690112763,38.14391128116428,3
754,0.3492869024681432,0.49579428873082326,61.899952471493336,1
755,0.21787519972406397,0.4744138800202723,37.22164516553296,0
756,0.014417540906896722,0.32346758942268083,49.000020540254155,1
757,0.12719843679437734,0.457104937219247,46.69984972105309,0
758,0.3716579023014682,0.1296944170954289,40.12474701857906,2
759,0.3902994514025611,0.08862415025375553,25.463356006050176,2
760,0.3617511721291541,0.36803991248616913,49.25979827443869,5
761,0.4791154170655222,0.2323047990216861,43.840233868033785,2
762,0.1957917810083626,0.011671951661117655,108.58285599747748,5
763,0.030330902700053196,0.4054809363298027,30.803024178682723,1
764,0.2777549885006332,0.3500780503167047,32.429328427549244,4
765,0.21269433037951246,0.44245707660801825,76.3261788616777,4
766,0.26857418734359156,0.09029112171306392,128.88799346692912,5
767,0.24951444306836243,0.49099331981881567,31.182379654666008,0
768,0.47149992990273554,0.18169666412468952,66.80608156090739,3
769,0.14933142461646046,0.23766976487154273,60.95910454179902,6
770,0.06406964827885761,0.3431800075523284,50.321551598397534,2
771,0.12288647467466948,0.48241773415862965,61.644419859673214,3
772,0.28109657737952637,0.051676295057636136,49.99644993833194,2
773,0.49290481875487335,0.057742346338076914,21.852509266670367,0
774,0.32724438157634794,0.48578760000680093,47.45819822994067,1
775,0.22599738292845334,0.5131481915090302,29.724637432413004,0
776,0.24243334780618295,0.31440288213374695,15.923851863737791,4
777,0.3962812564784403,0.3393028085702211,37.435079547044964,1
778,0.16480041936186618,0.2421951723284498,68.16521499606901,3
779,0.34230182893787836,0.18220119396978338,41.210877649525095,1
780,0.3003154126126941,0.5528752428742368,99.58461395923395,5
781,0.4380242221478793,0.3560543935029663,70.98365917378472,5
782,0.034591376291915894,0.052428752193695506,53.88517728615086,5
783,0.4048532180204233,0.35223239618108787,60.132297008009665,4
784,0.14104637830361827,0.0032687162180026342,19.970657329163355,2
785,0.2286639140358067,0.01671851243117752,55.98798158809,2
786,0.4170923645018332,0.3137411338317297,37.01909610877146,2
787,0.31840215542968503,0.5498750274826996,95.98009345590368,5
788,0.13455608397974667,0.504527808788139,40.39804468732601,2
789,0.2285244017426634,0.32217237814820077,60.05504618011359,5
790,0.546125246335218,0.4971906502882861,75.44525811410435,5
791,0.15612475418866142,0.3607641457267543,50.226273447585676,2
792,0.4622026727018916,0.11076565475950566,63.17305267067892,6
793,0.4263805276938346,0.3434281940903436,100.7890402550692,4
794,0.39980924433326537,0.5505638602204426,39.790455429425165,2
795,0.2479448042759413,0.5351535308745902,20.984547893174433,0
796,0.024276449234477346,0.008683863234576905,44.49203005658921,0
797,0.10222547533688865,0.1550004106127254,103.68530773148521,5
798,0.21012119129773046,0.027406354230462202,51.12864591410727,0
799,0.5384505992025865,0.4244682568382952,28.205662803850245,2
800,0.4532334791102903,0.021481888723832634,111.45370738256004,5
801,0.5329592824464155,0.5584335145450858,75.92543277081329,5
802,0.288128501046794,0.302025004610845,67.41076097856725,5
803,0.3384132465642127,0.46483584594221344,22.26623351942848,2
804,0.40291132891306297,0.33007483695092976,41.69295745405267,5
805,0.405083516132172,0.08869885881834037,37.28969149863195,2
806,0.32873266639592874,0.35141130646724933,41.09063413681527,0
807,0.5328946735314738,0.011508257032972142,97.23090515485117,5
808,0.11534954080258902,0.47131607689835836,54.98122969491839,5
809,0.24503738656846716,0.45311033186393723,21.39948456271126,2
810,0.31098187031072444,0.23806782628790352,29.052932839458993,0
811,0.505821045392069,0.2954962359322008,48.735578685318494,3
812,0.055791142164430076,0.2714859189556316,26.864217134082946,4
813,0.42566492975586084,0.424136773978851,31.964844311645194,5
814,0.2877156868095445,0.22680570966252525,39.242409430595806,2
815,0.38608453474408116,0.4930967318057911,33.46571551311201,0
816,0.09449078586626074,0.4298739183254991,31.548016173602356,6
817,0.019404374946426356,0.05367499512495722,32.39562604694766,0
818,0.026339760077364927,0.06369233978627988,43.96447553513808,2
819,0.11016471314490525,0.033703199999736526,55.20825489281589,0
820,0.1545116024807158,0.5466022542100483,56.22195487624949,5
821,0.3456086807058418,0.3371530287339455,49.22536494128215,5
822,0.2993236769374441,0.5049506810679468,40.81548564861429,0
823,0.2914612917885069,0.4807591069200605,141.8565206753859,5
824,0.12740504151459797,0.4281670303942923,34.135171861434166,2
825,0.3331711111313102,0.5167866694657381,80.79484945931783,5
826,0.30864991430025573,0.04539502312234255,55.880170634976,5
827,0.4330478212182155,0.13619716860306547,69.50677508060774,2
828,0.2558826931550253,0.26193692062408575,104.77284449941557,5
829,0.41948018338909104,0.26040265796186307,77.96903595438017,2
830,0.2798202020358461,0.38925832626242757,22.75794867719088,4
831,0.12611471291711096,0.08396679631637603,75.53984597948379,3
832,0.4675569820261905,0.2969951764415197,21.21688996419736,2
833,0.27940381326674874,0.07474086230108846,30.175987460517668,6
834,0.09741221969966596,0.3732010803848715,25.391955230984127,4
835,0.18241559598937718,0.10144033063134666,36.40546873365934,2
836,0.2694088191198082,0.07940489407070715,43.39182081561849,0
837,0.3224459112791608,0.3857670600045868,56.33550662325903,0
838,0.24337247856771277,0.16842935099744316,41.15074808009872,0
839,0.20813895407514038,0.5477260317650415,76.88193748724939,5
840,0.09824301080104353,0.2821725622241142,36.06867103846858,6
841,0.1377513276094144,0.13140004011113726,63.47884507273943,3
842,0.11015482264096635,0.40141839239426985,73.71588664042865,5
843,0.5390563522625257,0.3836436567000779,65.51637157336386,3
844,0.24365225128211493,0.4474643809398677,51.54716870085056,2
845,0.03406929756979459,0.33621667146559325,54.61325839502211,2
846,0.0364529105438242,0.44129448562086515,15.66368065029263,4
847,0.43186049051335645,0.025859191876260977,44.13128686575374,6
848,0.5450255743826407,0.2018612496574655,39.29968959848795,2
849,0.04227613771056455,0.44973426248853093,114.96721566984779,5
850,0.08218705853904014,0.5136275865192427,65.1061136624148,5
851,0.21415676887203408,0.01759426541399328,14.625803224626848,0
852,0.38646985246471677,0.5573590536286883,24.161697717964056,0
853,0.47948269527695414,0.07866510118469912,64.98671981270188,3
854,0.43259199676627264,0.48759640900989565,32.11460958825265,4
855,0.3300447350431805,0.42408650402113524,31.499982515430663,1
856,0.4175967019006485,0.385894284191952,36.88196034068186,2
857,0.26886819753961466,0.11318720094435761,51.833285440890904,0
858,0.32611675009420665,0.17161191366055062,42.67990497826689,6
859,0.20403585639929522,0.5622199987792996,30.33421295882255,4
860,0.20848956795625898,0.3422860836884475,58.01716551162622,5
861,0.5435214379116283,0.4390129994411743,38.45249138932299,2
862,0.09704916094111955,0.14197698911683543,21.32160349524545,2
863,0.5576119461964071,0.07741229120553522,15.015306494206099,2
864,0.0965903567140202,0.11818345926224792,57.7731671153867,5
865,0.3600725051625487,0.11687280285011287,79.30082584203419,3
866,0.08580758099123165,0.03514242282796186,30.784128787841986,6
867,0.13093252993097512,0.31534713753510396,46.59778311035461,5
868,0.16820994583653412,0.3881060240933649,62.070418883344324,0
869,0.46892541004408467,0.14225062271382166,17.91584554238877,2
870,0.15451854278438,0.11565663550449673,104.33675046229904,2
871,0.4784104866827233,0.28139609862367015,36.08274515898151,2
872,0.26134566521905306,0.536506189367442,37.689203841496145,4
873,0.47156988097459,0.16060503979881446,36.30620936243001,3
874,0.22401716060575322,0.2880108211882811,45.15083459704016,1
875,0.5279628139173501,0.2738285626707272,75.15537364495431,5
876,0.3441857045761739,0.3653608302916306,26.614601501925836,4
877,0.5250035182918324,0.5376940722665535,36.75394854193505,5
878,0.5584221287100545,0.5380586414450573,49.21571899154542,2
879,0.45703082493970254,0.3660516771940589,38.705396406121224,0
880,0.4571018452402382,0.26872705313531187,23.58799312225472,3
881,0.097419223029842,0.39074694666588566,42.19549106792682,0
882,0.27203833292240204,0.14471082591112455,21.879830810793813,4
883,0.10830386619009338,0.018970445632391315,45.03424118573997,6
884,0.5123341566319328,0.13548638774792737,40.882559704997526,4
885,0.4071555026283136,0.09782940576390692,27.773001283019926,4
886,0.04601974167616306,0.3574841135302119,72.88585392413472,2
887,0.08852509436151904,0.13223569396889612,45.47988530951949,3
888,0.3951756931144201,0.5102885655749044,62.01286325538349,0
889,0.09854828082149401,0.028049514782857214,36.42890570869533,6
890,0.5311057925016403,0.5553574921859477,62.026224485260265,5
891,0.10946513645211885,0.5444238101010477,57.71388196048708,5
892,0.4122628166877585,0.2077321555041784,52.51077152582927,6
893,0.502822913874007,0.4934824923575013,59.7276520102903,0
894,0.22893984678845467,0.4603935406071451,52.0197771113971,5
895,0.17166614481494027,0.5346686511674825,81.09757841044588,5
896,0.2800632059114442,0.3407955525413982,67.21865327359329,0
897,0.07642715550466143,0.1753198742917832,43.518598631793616,5
898,0.3747550825317603,0.5074688336863044,40.36537643171809,0
899,0.49057803317134957,0.14739156466569475,28.039998695637216,0
900,0.10946552033021903,0.024450460189969384,37.0097781134382,2
901,0.33297418350560665,0.18269231668776656,49.80657869066663,2
902,0.4254040795155068,0.25022701733931857,83.78988368746205,5
903,0.05081371822889514,0.2153570097488278,27.232927419876894,2
904,0.336642183710151,0.4983391825439974,47.4701623246626,3
905,0.45284954047725634,0.05046806602251639,24.611599446213038,1
906,0.13370381038401502,0.4721853495512403,52.89010139784216,1
907,0.07449715891500851,0.05815027589695055,86.49019641422353,3
908,0.13202463971555808,0.3559026183950614,60.34485485791757,0
909,0.2798681024813636,0.22844883428749294,36.95306103867707,4
910,0.452434717317124,0.4043389820083397,62.4863649676844,4
911,0.11307846588128605,0.14811912811408104,43.8868618122339,3
912,0.39420263501426805,0.01664830350852373,28.19619746378071,4
913,0.4319134013077931,0.09515110687479679,29.782347375418887,3
914,0.10444598496008958,0.19729570626096596,21.028229697307616,2
915,0.5467698551366571,0.22921946293483345,69.88497767383691,3
916,0.37353398981445274,0.540952899456199,45.009397068080666,1
917,0.4598496439430097,0.2737244716803812,45.491782522647256,4
918,0.4286054689066987,0.32317530908126396,49.23106925839617,1
919,0.3737912666466786,0.03274788752553729,29.726841044292577,2
920,0.5526759578462593,0.5322875024305217,29.158699272101178,4
921,0.45053598228451364,0.5582243068063875,28.411743104919932,0
922,0.05704381202572239,0.17126362022226385,72.68722190194633,6
923,0.5143214522232797,0.1864957271914824,26.374463590141406,2
924,0.23431593472932866,0.19731167533811933,73.98735163916032,4
925,0.10277293373214048,0.12520136472541196,63.95504329797032,6
926,0.4933446647016725,0.03530879505902552,76.51859379551578,5
927,0.3637583300682288,0.44260711038482714,39.77113499693132,0
928,0.031939710492616145,0.3067842396364203,21.607382745561086,1
929,0.2020763261155297,0.5143279690388063,59.980339676291656,5
930,0.4972635984095675,0.3567259803007394,42.404193290590186,4
931,0.08440020454341247,0.35972809397308725,133.2636539058414,5
932,0.4420382878287262,0.3078967044046034,27.522373615402227,0
933,0.27259030143412727,0.36178211649326425,43.65512728503743,3
934,0.5060867213355371,0.0038408779251832134,35.406581507931094,0
935,0.18413653645718334,0.3360750518233125,51.60397537232726,0
936,0.06316728628090655,0.33782815773764346,28.87457809793491,2
937,0.14490213547210362,0.3946992397738924,54.04219868204401,0
938,0.5025675760573007,0.4280176387408831,77.9647228833108,5
939,0.0282267524546988,0.17880806172232047,51.010668733671444,0
940,0.2945450511889587,0.13647486638866696,45.843151251359394,2
941,0.048885981634249016,0.5344582466289458,64.27830844592295,3
942,0.17119884258457313,0.0828116180453369,77.48038364880611,5
943,0.35956599119016974,0.159310197567368,51.893077506132286,2
944,0.47954562849610544,0.21029067677811392,61.68290729097524,0
945,0.25513092239513513,0.4307103369084536,41.9632189528734,1
946,0.24544387807835466,0.018410582544289265,37.07167398391761,6
947,0.12463813447130101,0.4588384797099097,56.84439607936117,5
948,0.21415604372684355,0.5159886993031587,73.50738064232506,3
949,0.4689217802267094,0.5336001396515659,15.21119670330843,3
950,0.5192873103377686,0.5072517217973613,73.24541302621698,5
951,0.059526598950949035,0.14527782698343658,40.16938706103157,2
952,0.3868649076134639,0.08444565099337574,43.97908062038301,0
953,0.17060975844983892,0.014234946946288848,25.005469432762276,2
954,0.3941397343226095,0.1028392836844223,31.295723078809814,2
955,0.54572549599227,0.1913851849237904,27.579906495151743,2
956,0.28006768261616166,0.36500010434232,81.58073768843363,5
957,0.4394632756622505,0.2515270412974532,37.985964793702706,6
958,0.031605713365610306,0.10882711989099979,177.09610831874198,5
959,0.3408986211467043,0.45500691940432264,39.58549277557255,0
960,0.2166099081479313,0.04748596630693184,29.05706391431416,0
961,0.43071851364026814,0.4398102228780399,29.87490801349204,4
962,0.06913278222626072,0.3066035735073432,24.088725381788212,4
963,0.49114402754993053,0.29042779696986,29.408960959566336,0
964,0.2280186616403998,0.25700074624334507,28.944541915383347,2
965,0.0838685383602582,0.2643802588705851,52.34652863314804,6
966,0.40607901617989184,0.1512073881105318,36.194737149650656,1
967,0.514787312904706,0.1910996013207359,32.46030476895705,3
968,0.5330370317788464,0.30763153381466546,80.2763606853671,2
969,0.5582629138094948,0.49911554537852343,61.508418006357545,5
970,0.2749028030319199,0.2265304251333005,51.56731861352811,6
971,0.186709415485402,0.448283706487179,142.26317805973494,5
972,0.21416168320014214,0.3673300000194046,162.15523136589195,5
973,0.5158912280292117,0.03237983161705854,39.912386883108,6
974,0.5120660667462029,0.10276653126581867,48.794313956837726,3
975,0.07321841202555858,0.3632021678831616,26.697995091804536,6
976,0.3483099217751637,0.48857527897324926,20.367085071291008,1
977,0.15342969113443353,0.06277320321744254,33.11931353011655,6
978,0.11941863853583068,0.06692078749637084,90.13878015202842,5
979,0.31228930293064516,0.1298551269646503,63.07611244931365,5
980,0.20734552753567947,0.5622217378946693,111.6380614921705,5
981,0.44733545450800855,0.07819253828700475,69.5968249504265,3
982,0.016044416488246005,0.14614141654578194,55.89605733358093,6
983,0.07700544898907313,0.09853100210024429,69.09675711895396,5
984,0.3911255651094543,0.031572173262228304,66.18540623153989,5
985,0.5378481930288463,0.054784520663977744,38.66632681204791,0
986,0.2523081059402089,0.5512649313664799,45.770034836465584,4
987,0.3976650134268275,0.14214548022430434,31.82534429843093,3
988,0.5331295098830474,0.5286042680351266,50.14642586269543,5
989,0.5432234197076298,0.22806186274520157,52.51487793192489,2
990,0.14516754461589165,0.133951040958902,37.814175058654264,6
991,0.10462055518880947,0.020711538484815405,55.63755919366895,0
992,0.19241335817818137,0.050012904018021824,60.11469661808909,5
993,0.4014273365735443,0.2630984984002677,37.1156776421726,1
994,0.4162522088479713,0.34447653539565176,37.782468384292606,0
995,0.4637887228644334,0.3787394274575434,54.565473365822065,0
996,0.3231049222951207,0.3058215002192567,24.478590127854744,4
997,0.17075759735024987,0.1276054307323677,123.36280716897468,6
998,0.21702611394477486,0.5366231756137646,72.80069836576232,5
999,0.04566128602195333,0.02088268890858554,37.8030004472148,0
